=== BG CHR tiles $1C0-$1D0 (sword middle row) at f700 ===
tile $1C0 @ VRAM $3800:
  11 11 00 00 11 11 10 00 11 11 11 00 11 11 11 10 
  33 33 33 30 33 33 30 00 33 30 00 00 30 00 00 00 
tile $1C1 @ VRAM $3820:
  00 00 00 02 00 00 00 00 00 00 00 00 00 00 00 00 
  00 00 00 00 00 00 00 00 00 00 00 00 00 00 00 00 
tile $1C2 @ VRAM $3840:
  22 23 32 22 22 22 32 22 22 22 33 22 02 22 23 22 
  02 22 23 32 00 22 22 32 00 22 22 33 00 02 22 23 
tile $1C3 @ VRAM $3860:
  22 22 22 22 22 22 22 22 22 22 22 22 22 22 22 22 
  22 22 22 22 22 22 22 22 22 22 22 22 22 22 22 22 
tile $1C4 @ VRAM $3880:
  22 22 22 22 22 22 22 22 22 22 22 22 22 22 22 22 
  22 22 22 22 22 22 22 23 22 22 22 23 22 22 22 32 
tile $1C5 @ VRAM $38A0:
  22 32 22 23 23 22 22 33 23 22 22 30 32 22 23 30 
  32 22 23 00 22 22 33 00 22 22 30 00 22 23 30 00 
tile $1C6 @ VRAM $38C0:
  00 00 00 00 00 00 00 00 00 00 00 00 01 11 11 11 
  11 11 11 11 00 01 11 11 00 00 00 00 00 00 00 00 
tile $1C7 @ VRAM $38E0:
  00 00 00 00 00 00 00 00 00 00 00 00 11 11 11 11 
  11 11 11 11 11 11 11 11 00 00 00 00 00 00 00 00 
tile $1C8 @ VRAM $3900:
  00 00 00 00 00 00 00 00 00 00 00 00 11 11 11 11 
  22 22 22 22 11 11 11 11 11 11 11 11 00 00 00 00 
tile $1C9 @ VRAM $3920:
  00 00 00 00 00 00 00 00 00 00 00 00 00 00 00 00 
  00 00 00 00 00 00 00 00 00 00 00 00 00 00 00 00 
tile $1CA @ VRAM $3940:
  00 02 22 23 00 00 22 22 00 00 22 22 00 00 02 22 
  00 00 02 22 00 00 00 22 00 00 00 22 00 00 00 02 
tile $1CB @ VRAM $3960:
  32 22 22 22 32 22 22 22 33 22 22 22 23 22 22 22 
  23 32 22 22 22 32 22 22 22 33 22 22 22 23 22 22 
tile $1CC @ VRAM $3980:
  22 22 22 32 22 22 23 22 22 22 23 22 22 22 32 22 
  22 22 32 22 22 23 22 22 22 23 22 22 22 32 22 23 
tile $1CD @ VRAM $39A0:
  22 23 00 00 22 33 00 00 22 30 00 00 23 30 00 00 
  23 00 00 00 33 00 00 00 30 00 00 00 30 00 00 00 
tile $1CE @ VRAM $39C0:
  22 23 32 22 22 22 32 22 22 22 33 22 02 22 23 22 
  02 22 23 32 00 22 22 33 00 22 22 22 00 02 22 22 
tile $1CF @ VRAM $39E0:
  22 32 22 23 23 22 22 33 23 22 22 30 32 22 23 30 
  32 22 23 00 22 22 33 00 22 22 30 00 22 23 30 00 
tile $1D0 @ VRAM $3A00:
  00 00 00 00 00 00 00 00 00 00 00 00 00 00 00 00 
  00 00 01 11 00 00 01 01 00 00 01 11 00 00 00 00 
