=================================================================
VRAM Diagnostic Probe — frame 300
=================================================================

─── CHR Tile Occupancy (VRAM $0000-$3FFF) ───────────────────
  Total occupied tiles: 440 / 512
  Occupied ranges: $000-$01B (28), $01E-$03E (33), $040-$076 (55), $078-$07A (3), $087-$08E (8), $090-$09F (16), $0A1-$0A1 (1), $0A3-$0A3 (1), $0A5-$0A5 (1), $0A7-$123 (125), $125-$12F (11), $161-$1F2 (146), $1F4-$1FF (12)

─── Sample Tile Data ─────────────────────────────────────────
  Tile $000 (VRAM $0000): 00 00 00 00 00 00 01 11 00 01 11 11 01 11 21 13 11 11 22 33 10 11 22 23 00 13 32 23 00 03 33 22
  Tile $001 (VRAM $0020): 00 00 11 11 00 13 31 12 00 33 33 32 01 33 33 32 01 13 33 31 33 11 11 13 33 31 11 11 03 33 00 00
  Tile $002 (VRAM $0040): 00 00 00 00 10 00 00 00 33 33 00 00 33 33 30 00 33 33 00 00 22 12 00 00 22 32 22 00 22 22 03 00
  Tile $003 (VRAM $0060): 22 22 03 00 22 33 23 00 22 13 23 00 21 13 03 00 11 30 03 00 33 31 03 00 11 13 30 00 03 33 00 00
  Tile $004 (VRAM $0080): 00 00 01 11 00 01 11 11 01 11 21 13 11 11 22 33 10 11 22 23 00 13 32 23 00 03 33 22 00 00 11 11
  Tile $005 (VRAM $00A0): 00 31 11 11 03 33 12 22 03 33 32 22 03 33 32 21 00 13 31 13 01 11 11 11 00 00 33 33 00 00 33 33
  Tile $006 (VRAM $00C0): 10 00 00 00 33 33 00 00 33 33 30 00 33 33 00 00 22 12 00 30 22 32 22 30 22 22 00 30 22 22 00 30
  Tile $007 (VRAM $00E0): 11 33 32 30 11 13 32 30 11 13 30 30 11 30 00 30 33 30 00 30 11 10 00 00 00 00 00 00 30 00 00 00

─── Plane A Nametable ($C000) ───────────────────────────────
  Non-zero entries: 896  Zero entries: 0
  Palette usage: pal0=896 pal1=0 pal2=0 pal3=0
  Distinct tile indices: 83
  Most used tiles:
    tile $024: 759 entries  VRAM_data=true
    tile $0E4: 10 entries  VRAM_data=true
    tile $0E5: 10 entries  VRAM_data=true
    tile $0D6: 7 entries  VRAM_data=true
    tile $0DB: 5 entries  VRAM_data=true
    tile $0E3: 5 entries  VRAM_data=true
    tile $0E2: 5 entries  VRAM_data=true
    tile $0DC: 5 entries  VRAM_data=true
    tile $0D7: 4 entries  VRAM_data=true
    tile $0DE: 3 entries  VRAM_data=true

─── Nametable rows 0-7 (raw words) ──────────────────────────
  row00: 0024 0024 0024 0024 0024 0024 0024 0024 0024 0024 0024 0024 0024 0024 0024 0024 0024 0024 0024 0024 0024 0024 0024 0024 0024 0024 0024 0024 0024 0024 0024 0024
  row01: 0024 0024 0024 0024 0024 0024 0024 0024 0024 0024 0024 0024 0024 0024 0024 0024 0024 0024 0024 0024 0024 0024 0024 0024 0024 0024 0024 0024 0024 0024 0024 0024
  row02: 00E0 00D5 0024 0024 0024 0024 0024 0024 0024 0024 0024 0024 0024 0024 0024 0024 0024 0024 0024 0024 0024 0024 0024 0024 0024 0024 0024 0024 0024 0024 00D4 00E0
  row03: 00DC 00D7 0024 0024 0024 0024 0024 0024 0024 0024 0024 0024 0024 0024 0024 0024 0024 0024 0024 0024 0024 0024 0024 0024 0024 0024 0024 0024 0024 0024 00D6 00DD
  row04: 00DC 00EE 0024 0024 0024 0024 0024 0024 0024 0024 0024 0024 0024 0024 0024 0024 0024 0024 0024 0024 0024 0024 0024 0024 0024 0024 0024 0024 0024 0024 00D6 00DB
  row05: 00DE 00D7 0024 0024 0024 00E6 00E4 00E5 00E4 00E5 00E4 00E5 00E4 00E5 00E4 00E5 00E4 00E5 00E4 00E5 00E4 00E5 00E4 00E5 00E4 00E5 00E6 0024 0024 0024 00D6 00DB
  row06: 00DC 00D7 0024 0024 0024 00E2 0024 0024 0024 0024 0024 0024 0024 0024 0024 0024 0024 0024 0024 0024 0024 0024 0024 0024 0024 0024 00E3 0024 0024 0024 00D6 00DF
  row07: 00DE 00EE 0024 0024 0024 00E3 0024 0024 0071 0072 0073 0074 0075 0076 0077 0078 0079 0079 0079 007A 007B 0024 0024 0024 0024 0024 00E2 0024 0024 0024 00D6 00DB

─── Nametable rows 8-15 ──────────────────────────────────────
  row08: 00DE 00D8 00EF 0024 0024 00E2 0024 007C 007D 007E 007F 0080 0081 0082 0083 0084 0085 0086 0087 0088 0089 008A 008B 0024 0024 0024 00E3 0024 0024 0024 00D6 00DF
  row09: 00DC 00DA 00D7 0024 0024 00E3 0024 008C 008D 008E 008F 0090 0091 0092 0093 0094 0095 0096 0097 0098 0099 009A 009B 009C 0024 0024 00E2 0024 0024 00D4 00D9 00DB
  row10: 00DC 00D9 00EE 0024 0024 00E2 0024 009D 009E 009F 00A0 00A1 00A2 00A3 00A4 00A5 00A6 00A7 00A8 00A9 00AA 00AB 00AC 00AD 00AE 0024 00E3 0024 0024 00D6 00DB 00DF
  row11: 0024 0024 0024 0024 0024 0024 0024 0024 0024 0024 0024 0024 0024 0024 0024 0024 0024 0024 0024 0024 0024 0024 0024 0024 0024 0024 0024 0024 0024 0024 0024 0024
  row12: 0024 0024 0024 0024 0024 0024 0024 0024 0024 0024 0024 0024 0024 0024 0024 0024 0024 0024 0024 0024 0024 0024 0024 0024 0024 0024 0024 0024 0024 0024 0024 0024
  row13: 0024 0024 0024 0024 0024 0024 0024 0024 0024 0024 0024 0024 0024 0024 0024 0024 0024 0024 0024 0024 0024 0024 0024 0024 0024 0024 0024 0024 0024 0024 0024 0024
  row14: 0024 0024 0024 0024 0024 0024 0024 0024 0024 0024 0024 0024 0024 0024 0024 0024 0024 0024 0024 0024 0024 0024 0024 0024 0024 0024 0024 0024 0024 0024 0024 0024
  row15: 0024 0024 0024 0024 0024 0024 0024 0024 0024 0024 0024 0024 0024 0024 0024 0024 0024 0024 0024 0024 0024 0024 0024 0024 0024 0024 0024 0024 0024 0024 0024 0024

─── Nametable rows 16-23 ─────────────────────────────────────
  row16: 0024 0024 0024 0024 0024 0024 0024 0024 0024 0024 0024 0024 0024 0024 0024 0024 0024 0024 0024 0024 0024 0024 0024 0024 0024 0024 0024 0024 0024 0024 0024 0024
  row17: 0024 0024 0024 0024 0024 0024 0024 0024 0024 0024 0024 0024 0024 0024 0024 0024 0024 0024 0024 0024 0024 0024 0024 0024 0024 0024 0024 0024 0024 0024 0024 0024
  row18: 0024 0024 0024 0024 0024 0024 0024 0024 0024 0024 0024 0024 0024 0024 0024 0024 0024 0024 0024 0024 0024 0024 0024 0024 0024 0024 0024 0024 0024 0024 0024 0024
  row19: 0024 0024 0024 0024 0024 0024 0024 0024 0024 0024 0024 0024 0024 0024 0024 0024 0024 0024 0024 0024 0024 0024 0024 0024 0024 0024 0024 0024 0024 0024 0024 0024
  row20: 0024 0024 0024 0024 0024 0024 0024 0024 0024 0024 0024 0024 0024 0024 0024 0024 0024 0024 0024 0024 0024 0024 0024 0024 0024 0024 0024 0024 0024 0024 0024 0024
  row21: 0024 0024 0024 0024 0024 0024 0024 0024 0024 0024 0024 0024 0024 0024 0024 0024 0024 0024 0024 0024 0024 0024 0024 0024 0024 0024 0024 0024 0024 0024 0024 0024
  row22: 0024 0024 0024 0024 0024 0024 0024 0024 0024 0024 0024 0024 0024 0024 0024 0024 0024 0024 0024 0024 0024 0024 0024 0024 0024 0024 0024 0024 0024 0024 0024 0024
  row23: 0024 0024 0024 0024 0024 0024 0024 0024 0024 0024 0024 0024 0024 0024 0024 0024 0024 0024 0024 0024 0024 0024 0024 0024 0024 0024 0024 0024 0024 0024 0024 0024

─── Nametable rows 24-27 ─────────────────────────────────────
  row24: 0024 0024 0024 0024 0024 0024 0024 0024 0024 0024 0024 0024 0024 0024 0024 0024 0024 0024 0024 0024 0024 0024 0024 0024 0024 0024 0024 0024 0024 0024 0024 0024
  row25: 0024 0024 0024 0024 0024 0024 0024 0024 0024 0024 0024 0024 0024 0024 0024 0024 0024 0024 0024 0024 0024 0024 0024 0024 0024 0024 0024 0024 0024 0024 0024 0024
  row26: 0024 0024 0024 0024 0024 0024 0024 0024 0024 0024 0024 0024 0024 0024 0024 0024 0024 0024 0024 0024 0024 0024 0024 0024 0024 0024 0024 0024 0024 0024 0024 0024
  row27: 0024 0024 0024 0024 0024 0024 0024 0024 0024 0024 0024 0024 0024 0024 0024 0024 0024 0024 0024 0024 0024 0024 0024 0024 0024 0024 0024 0024 0024 0024 0024 0024

─── CRAM (all 4 palettes) ────────────────────────────────────
  pal0: 0466 0000 0222 0444 0000 0000 0000 0000 0000 0000 0000 0000 0000 0000 0000 0000
  pal1: 0466 0026 0004 0000 0000 0000 0000 0000 0000 0000 0000 0000 0000 0000 0000 0000
  pal2: 0466 0002 0040 0046 0000 0000 0000 0000 0000 0000 0000 0000 0000 0000 0000 0000
  pal3: 0466 0666 0664 0642 0000 0000 0000 0000 0000 0000 0000 0000 0000 0000 0000 0000
