=================================================================
Sprite SAT Probe  --  capturing at frame 200
=================================================================

--- Genesis SAT (VRAM $D800) first 32 sprites ---
  #  Y      Link SzV SzH  Tile  Pal  Pri  X
   0  248(+120)    1   0    0   202   2    1  336(+208)
   1  248(+120)    2   0    0   204   2    1  328(+200)
   2  248(+120)    3   0    0   202   2    1  168( +40)
   3  248(+120)    4   0    0   204   2    1  176( +48)
   4  168( +40)    5   0    0   202   2    1  336(+208)
   5  168( +40)    6   0    0   204   2    1  328(+200)
   6  168( +40)    7   0    0   202   2    1  168( +40)
   7  168( +40)    8   0    0   204   2    1  176( +48)
   8  216( +88)    9   0    0   206   2    1  244(+116)
   9  216( +88)   10   0    0   208   2    1  252(+124)
  10  178( +50)   11   0    0   210   2    1  215( +87)
  11  208( +80)   12   0    0   210   2    1  332(+204)
  12  232(+104)   13   0    0   210   2    1  251(+123)
  13  260(+132)   14   0    0   210   2    1  208( +80)
  14  178( +50)   15   0    0   212   2    1  223( +95)
  15  192( +64)   16   0    0   212   2    1  164( +36)
  16  194( +66)   17   0    0   212   2    1  228(+100)
  17  252(+124)   18   0    0   212   2    1  272(+144)
  18  168( +40)   19   0    0   214   2    1  208( +80)
  19  172( +44)   20   0    0   214   2    1  288(+160)
  20  208( +80)   21   0    0   214   2    1  172( +44)
  21  252(+124)   22   0    0   214   2    1  316(+188)
  22  232(+104)   23   0    0   160   3    1  224( +96)
  23  232(+104)   24   0    0   160   3    1  232(+104)
  24  232(+104)   25   0    0   160   3    1  240(+112)
  25  232(+104)   26   0    0   160   3    1  248(+120)
  26  232(+104)   27   0    0   160   3    1  256(+128)
  27  232(+104)   28   0    0   160   3    1  264(+136)
  28  323(+195)   29   0    0   200   0    1  232(+104)
  29  323(+195)   30   0    0   198   0    1  224( +96)
  30  323(+195)   31   0    0   196   0    1  216( +88)
  31  323(+195)   32   0    0   194   0    1  208( +80)
  Non-zero sprite entries: 32

--- NES OAM shadow ($FF0200-$FF02FF, first 32 sprites) ---
  #   Y   Tile  Attr   X    (NES coords)
   0  119  $CA   $C2  208
   1  119  $CC   $C2  200
   2  119  $CA   $82   40
   3  119  $CC   $82   48
   4   39  $CA   $42  208
   5   39  $CC   $42  200
   6   39  $CA   $02   40
   7   39  $CC   $02   48
   8   87  $CE   $02  116
   9   87  $D0   $02  124
  10   49  $D2   $02   87
  11   79  $D2   $02  204
  12  103  $D2   $02  123
  13  131  $D2   $02   80
  14   49  $D4   $02   95
  15   63  $D4   $02   36
  16   65  $D4   $02  100
  17  123  $D4   $02  144
  18   39  $D6   $02   80
  19   43  $D6   $02  160
  20   79  $D6   $02   44
  21  123  $D6   $02  188
  22  103  $A0   $03   96
  23  103  $A0   $03  104
  24  103  $A0   $03  112
  25  103  $A0   $03  120
  26  103  $A0   $03  128
  27  103  $A0   $03  136
  28  196  $C8   $00  104
  29  196  $C6   $00   96
  30  196  $C4   $00   88
  31  196  $C2   $00   80

Screenshot: C:\Users\Jake Diggity\Documents\GitHub\FINAL TRY\builds\reports\screenshot_sat_probe.png

=================================================================
SAT PROBE COMPLETE
=================================================================
