=== VRAM Timeline Probe ===

--- Frame 5 (TransferredCommonPatterns=$00) ---
  VRAM[$0000] tile $000 (CHR $0000 start): 00 00 00 00 00 00 00 00 00 00 00 00 00 00 00 00 00 00 00 00 00 00 00 00 00 00 00 00 00 00 00 00 [0 nonzero]
  VRAM[$0480] tile $024 (CHR $0000 bank): 00 00 00 00 00 00 00 00 00 00 00 00 00 00 00 00 00 00 00 00 00 00 00 00 00 00 00 00 00 00 00 00 [0 nonzero]
  VRAM[$2000] tile $100 (CHR $1000 start): 00 00 00 00 00 00 00 00 00 00 00 00 00 00 00 00 00 00 00 00 00 00 00 00 00 00 00 00 00 00 00 00 [0 nonzero]
  VRAM[$2480] tile $124 (CHR $1000 bank): 00 00 00 00 00 00 00 00 00 00 00 00 00 00 00 00 00 00 00 00 00 00 00 00 00 00 00 00 00 00 00 00 [0 nonzero]
  VRAM[$2020] tile $101 (2nd tile of $1000): 00 00 00 00 00 00 00 00 00 00 00 00 00 00 00 00 00 00 00 00 00 00 00 00 00 00 00 00 00 00 00 00 [0 nonzero]

--- Frame 10 (TransferredCommonPatterns=$00) ---
  VRAM[$0000] tile $000 (CHR $0000 start): 00 00 00 00 00 00 00 00 00 00 00 00 00 00 00 00 00 00 00 00 00 00 00 00 00 00 00 00 00 00 00 00 [0 nonzero]
  VRAM[$0480] tile $024 (CHR $0000 bank): 00 00 00 00 00 00 00 00 00 00 00 00 00 00 00 00 00 00 00 00 00 00 00 00 00 00 00 00 00 00 00 00 [0 nonzero]
  VRAM[$2000] tile $100 (CHR $1000 start): 00 00 00 00 00 00 00 00 00 00 00 00 00 00 00 00 00 00 00 00 00 00 00 00 00 00 00 00 00 00 00 00 [0 nonzero]
  VRAM[$2480] tile $124 (CHR $1000 bank): 00 00 00 00 00 00 00 00 00 00 00 00 00 00 00 00 00 00 00 00 00 00 00 00 00 00 00 00 00 00 00 00 [0 nonzero]
  VRAM[$2020] tile $101 (2nd tile of $1000): 00 00 00 00 00 00 00 00 00 00 00 00 00 00 00 00 00 00 00 00 00 00 00 00 00 00 00 00 00 00 00 00 [0 nonzero]

--- Frame 15 (TransferredCommonPatterns=$00) ---
  VRAM[$0000] tile $000 (CHR $0000 start): 00 00 00 00 00 00 00 00 00 00 00 00 00 00 00 00 00 00 00 00 00 00 00 00 00 00 00 00 00 00 00 00 [0 nonzero]
  VRAM[$0480] tile $024 (CHR $0000 bank): 00 00 00 00 00 00 00 00 00 00 00 00 00 00 00 00 00 00 00 00 00 00 00 00 00 00 00 00 00 00 00 00 [0 nonzero]
  VRAM[$2000] tile $100 (CHR $1000 start): 00 00 00 00 00 00 00 00 00 00 00 00 00 00 00 00 00 00 00 00 00 00 00 00 00 00 00 00 00 00 00 00 [0 nonzero]
  VRAM[$2480] tile $124 (CHR $1000 bank): 00 00 00 00 00 00 00 00 00 00 00 00 00 00 00 00 00 00 00 00 00 00 00 00 00 00 00 00 00 00 00 00 [0 nonzero]
  VRAM[$2020] tile $101 (2nd tile of $1000): 00 00 00 00 00 00 00 00 00 00 00 00 00 00 00 00 00 00 00 00 00 00 00 00 00 00 00 00 00 00 00 00 [0 nonzero]

--- Frame 20 (TransferredCommonPatterns=$00) ---
  VRAM[$0000] tile $000 (CHR $0000 start): 00 00 00 00 00 00 00 00 00 00 00 00 00 00 00 00 00 00 00 00 00 00 00 00 00 00 00 00 00 00 00 00 [0 nonzero]
  VRAM[$0480] tile $024 (CHR $0000 bank): 00 00 00 00 00 00 00 00 00 00 00 00 00 00 00 00 00 00 00 00 00 00 00 00 00 00 00 00 00 00 00 00 [0 nonzero]
  VRAM[$2000] tile $100 (CHR $1000 start): 00 00 00 00 00 00 00 00 00 00 00 00 00 00 00 00 00 00 00 00 00 00 00 00 00 00 00 00 00 00 00 00 [0 nonzero]
  VRAM[$2480] tile $124 (CHR $1000 bank): 00 00 00 00 00 00 00 00 00 00 00 00 00 00 00 00 00 00 00 00 00 00 00 00 00 00 00 00 00 00 00 00 [0 nonzero]
  VRAM[$2020] tile $101 (2nd tile of $1000): 00 00 00 00 00 00 00 00 00 00 00 00 00 00 00 00 00 00 00 00 00 00 00 00 00 00 00 00 00 00 00 00 [0 nonzero]

--- Frame 25 (TransferredCommonPatterns=$00) ---
  VRAM[$0000] tile $000 (CHR $0000 start): 00 00 00 00 00 00 01 11 00 01 11 11 01 11 21 13 11 11 22 33 10 11 22 23 00 13 32 23 00 03 33 22 [23 nonzero]
  VRAM[$0480] tile $024 (CHR $0000 bank): 00 01 11 00 00 03 02 00 00 03 22 00 00 03 02 00 00 03 22 00 00 03 02 00 00 03 22 00 00 03 02 00 [16 nonzero]
  VRAM[$2000] tile $100 (CHR $1000 start): 00 11 10 00 01 00 11 00 11 00 01 10 11 00 01 10 11 00 01 10 01 10 01 00 00 11 10 00 00 00 00 00 [18 nonzero]
  VRAM[$2480] tile $124 (CHR $1000 bank): 00 00 00 00 00 00 00 00 00 00 00 00 00 00 00 00 00 00 00 00 00 00 00 00 00 00 00 00 00 00 00 00 [0 nonzero]
  VRAM[$2020] tile $101 (2nd tile of $1000): 00 01 10 00 00 11 10 00 00 01 10 00 00 01 10 00 00 01 10 00 00 01 10 00 01 11 11 10 00 00 00 00 [16 nonzero]

--- Frame 30 (TransferredCommonPatterns=$5A) ---
  VRAM[$0000] tile $000 (CHR $0000 start): 00 00 00 00 00 00 01 11 00 01 11 11 01 11 21 13 11 11 22 33 10 11 22 23 00 13 32 23 00 03 33 22 [23 nonzero]
  VRAM[$0480] tile $024 (CHR $0000 bank): 00 01 11 00 00 03 02 00 00 03 22 00 00 03 02 00 00 03 22 00 00 03 02 00 00 03 22 00 00 03 02 00 [16 nonzero]
  VRAM[$2000] tile $100 (CHR $1000 start): 00 11 10 00 01 00 11 00 11 00 01 10 11 00 01 10 11 00 01 10 01 10 01 00 00 11 10 00 00 00 00 00 [18 nonzero]
  VRAM[$2480] tile $124 (CHR $1000 bank): 00 00 00 00 00 00 00 00 00 00 00 00 00 00 00 00 00 00 00 00 00 00 00 00 00 00 00 00 00 00 00 00 [0 nonzero]
  VRAM[$2020] tile $101 (2nd tile of $1000): 00 01 10 00 00 11 10 00 00 01 10 00 00 01 10 00 00 01 10 00 00 01 10 00 01 11 11 10 00 00 00 00 [16 nonzero]

--- Frame 35 (TransferredCommonPatterns=$5A) ---
  VRAM[$0000] tile $000 (CHR $0000 start): 00 00 00 00 00 00 01 11 00 01 11 11 01 11 21 13 11 11 22 33 10 11 22 23 00 13 32 23 00 03 33 22 [23 nonzero]
  VRAM[$0480] tile $024 (CHR $0000 bank): 00 01 11 00 00 03 02 00 00 03 22 00 00 03 02 00 00 03 22 00 00 03 02 00 00 03 22 00 00 03 02 00 [16 nonzero]
  VRAM[$2000] tile $100 (CHR $1000 start): 00 11 10 00 01 00 11 00 11 00 01 10 11 00 01 10 11 00 01 10 01 10 01 00 00 11 10 00 00 00 00 00 [18 nonzero]
  VRAM[$2480] tile $124 (CHR $1000 bank): 00 00 00 00 00 00 00 00 00 00 00 00 00 00 00 00 00 00 00 00 00 00 00 00 00 00 00 00 00 00 00 00 [0 nonzero]
  VRAM[$2020] tile $101 (2nd tile of $1000): 00 01 10 00 00 11 10 00 00 01 10 00 00 01 10 00 00 01 10 00 00 01 10 00 01 11 11 10 00 00 00 00 [16 nonzero]

--- Frame 40 (TransferredCommonPatterns=$5A) ---
  VRAM[$0000] tile $000 (CHR $0000 start): 00 00 00 00 00 00 01 11 00 01 11 11 01 11 21 13 11 11 22 33 10 11 22 23 00 13 32 23 00 03 33 22 [23 nonzero]
  VRAM[$0480] tile $024 (CHR $0000 bank): 00 01 11 00 00 03 02 00 00 03 22 00 00 03 02 00 00 03 22 00 00 03 02 00 00 03 22 00 00 03 02 00 [16 nonzero]
  VRAM[$2000] tile $100 (CHR $1000 start): 00 11 10 00 01 00 11 00 11 00 01 10 11 00 01 10 11 00 01 10 01 10 01 00 00 11 10 00 00 00 00 00 [18 nonzero]
  VRAM[$2480] tile $124 (CHR $1000 bank): 00 00 00 00 00 00 00 00 00 00 00 00 00 00 00 00 00 00 00 00 00 00 00 00 00 00 00 00 00 00 00 00 [0 nonzero]
  VRAM[$2020] tile $101 (2nd tile of $1000): 00 01 10 00 00 11 10 00 00 01 10 00 00 01 10 00 00 01 10 00 00 01 10 00 01 11 11 10 00 00 00 00 [16 nonzero]

--- Frame 50 (TransferredCommonPatterns=$5A) ---
  VRAM[$0000] tile $000 (CHR $0000 start): 00 00 00 00 00 00 01 11 00 01 11 11 01 11 21 13 11 11 22 33 10 11 22 23 00 13 32 23 00 03 33 22 [23 nonzero]
  VRAM[$0480] tile $024 (CHR $0000 bank): 00 01 11 00 00 03 02 00 00 03 22 00 00 03 02 00 00 03 22 00 00 03 02 00 00 03 22 00 00 03 02 00 [16 nonzero]
  VRAM[$2000] tile $100 (CHR $1000 start): 00 11 10 00 01 00 11 00 11 00 01 10 11 00 01 10 11 00 01 10 01 10 01 00 00 11 10 00 00 00 00 00 [18 nonzero]
  VRAM[$2480] tile $124 (CHR $1000 bank): 00 00 00 00 00 00 00 00 00 00 00 00 00 00 00 00 00 00 00 00 00 00 00 00 00 00 00 00 00 00 00 00 [0 nonzero]
  VRAM[$2020] tile $101 (2nd tile of $1000): 00 01 10 00 00 11 10 00 00 01 10 00 00 01 10 00 00 01 10 00 00 01 10 00 01 11 11 10 00 00 00 00 [16 nonzero]

--- Frame 100 (TransferredCommonPatterns=$5A) ---
  VRAM[$0000] tile $000 (CHR $0000 start): 00 00 00 00 00 00 01 11 00 01 11 11 01 11 21 13 11 11 22 33 10 11 22 23 00 13 32 23 00 03 33 22 [23 nonzero]
  VRAM[$0480] tile $024 (CHR $0000 bank): 00 01 11 00 00 03 02 00 00 03 22 00 00 03 02 00 00 03 22 00 00 03 02 00 00 03 22 00 00 03 02 00 [16 nonzero]
  VRAM[$2000] tile $100 (CHR $1000 start): 00 11 10 00 01 00 11 00 11 00 01 10 11 00 01 10 11 00 01 10 01 10 01 00 00 11 10 00 00 00 00 00 [18 nonzero]
  VRAM[$2480] tile $124 (CHR $1000 bank): 00 00 00 00 00 00 00 00 00 00 00 00 00 00 00 00 00 00 00 00 00 00 00 00 00 00 00 00 00 00 00 00 [0 nonzero]
  VRAM[$2020] tile $101 (2nd tile of $1000): 00 01 10 00 00 11 10 00 00 01 10 00 00 01 10 00 00 01 10 00 00 01 10 00 01 11 11 10 00 00 00 00 [16 nonzero]

--- Frame 200 (TransferredCommonPatterns=$5A) ---
  VRAM[$0000] tile $000 (CHR $0000 start): 00 00 00 00 00 00 01 11 00 01 11 11 01 11 21 13 11 11 22 33 10 11 22 23 00 13 32 23 00 03 33 22 [23 nonzero]
  VRAM[$0480] tile $024 (CHR $0000 bank): 00 01 11 00 00 03 02 00 00 03 22 00 00 03 02 00 00 03 22 00 00 03 02 00 00 03 22 00 00 03 02 00 [16 nonzero]
  VRAM[$2000] tile $100 (CHR $1000 start): 00 11 10 00 01 00 11 00 11 00 01 10 11 00 01 10 11 00 01 10 01 10 01 00 00 11 10 00 00 00 00 00 [18 nonzero]
  VRAM[$2480] tile $124 (CHR $1000 bank): 00 00 00 00 00 00 00 00 00 00 00 00 00 00 00 00 00 00 00 00 00 00 00 00 00 00 00 00 00 00 00 00 [0 nonzero]
  VRAM[$2020] tile $101 (2nd tile of $1000): 00 01 10 00 00 11 10 00 00 01 10 00 00 01 10 00 00 01 10 00 00 01 10 00 01 11 11 10 00 00 00 00 [16 nonzero]

--- Frame 300 (TransferredCommonPatterns=$5A) ---
  VRAM[$0000] tile $000 (CHR $0000 start): 00 00 00 00 00 00 01 11 00 01 11 11 01 11 21 13 11 11 22 33 10 11 22 23 00 13 32 23 00 03 33 22 [23 nonzero]
  VRAM[$0480] tile $024 (CHR $0000 bank): 00 01 11 00 00 03 02 00 00 03 22 00 00 03 02 00 00 03 22 00 00 03 02 00 00 03 22 00 00 03 02 00 [16 nonzero]
  VRAM[$2000] tile $100 (CHR $1000 start): 00 11 10 00 01 00 11 00 11 00 01 10 11 00 01 10 11 00 01 10 01 10 01 00 00 11 10 00 00 00 00 00 [18 nonzero]
  VRAM[$2480] tile $124 (CHR $1000 bank): 00 00 00 00 00 00 00 00 00 00 00 00 00 00 00 00 00 00 00 00 00 00 00 00 00 00 00 00 00 00 00 00 [0 nonzero]
  VRAM[$2020] tile $101 (2nd tile of $1000): 00 01 10 00 00 11 10 00 00 01 10 00 00 01 10 00 00 01 10 00 00 01 10 00 01 11 11 10 00 00 00 00 [16 nonzero]

--- VRAM non-zero byte counts per 4K block at frame 300 ---
  $0000-$0FFF: 2214 non-zero bytes
  $1000-$1FFF: 2518 non-zero bytes
  $2000-$2FFF: 1492 non-zero bytes
  $3000-$3FFF: 3443 non-zero bytes
  $4000-$4FFF: 0 non-zero bytes
  $5000-$5FFF: 0 non-zero bytes
  $6000-$6FFF: 0 non-zero bytes
  $7000-$7FFF: 0 non-zero bytes
  $8000-$8FFF: 0 non-zero bytes
  $9000-$9FFF: 0 non-zero bytes
  $A000-$AFFF: 0 non-zero bytes
  $B000-$BFFF: 0 non-zero bytes
  $C000-$CFFF: 2364 non-zero bytes
  $D000-$DFFF: 345 non-zero bytes
  $E000-$EFFF: 0 non-zero bytes
  $F000-$FFFF: 0 non-zero bytes
