# CHR expansion S3-S7 verification probe
# Build tag written by probe caller

=== boot  frame=90 ===
  CRAM:
    PAL0: 0CCE 0000 0666 0AAA 0000 0000 0000 0000 0000 0000 0000 0000 0000 0000 0000 0000
    PAL1: 0CCE 004A 004A 0000 0000 0000 0000 0000 0000 0000 0000 0000 0000 0000 0000 0000
    PAL2: 0CCE 0044 0080 00CC 0000 0000 0000 0000 0000 0000 0000 0000 0000 0000 0000 0000
    PAL3: 0CCE 0EEE 0CEA 0E86 0000 0000 0000 0000 0000 0000 0000 0000 0000 0000 0000 0000
  VRAM: sp0=FB0F48F5 bg=4367331B sp1=2F8A0853 sp2=CAC557FF sp3=4FFD467F planeA=DC3443FC
  VRAM $0000-$007F (first 4 tiles of copy 0):
    00 00 00 00 00 00 01 11 00 01 11 11 01 11 21 13 
    11 11 22 33 10 11 22 23 00 13 32 23 00 03 33 22 
    00 00 00 00 00 00 00 00 00 00 00 00 00 00 00 00 
    00 00 00 00 00 00 00 00 00 00 00 00 00 00 00 00 
    00 00 00 00 00 00 00 00 00 00 00 00 00 00 00 00 
    00 00 00 00 00 00 00 00 00 00 00 00 00 00 00 00 
    00 00 00 00 00 00 00 00 00 00 00 00 00 00 00 00 
    00 00 00 00 00 00 00 00 00 00 00 00 00 00 00 00 
  VRAM $4000-$401F (first tile of copy 1):
    00 00 00 00 00 00 00 00 00 00 00 00 00 00 00 00 00 00 00 00 00 00 00 00 00 00 00 00 00 00 00 00 

=== title  frame=600 ===
  CRAM:
    PAL0: 0000 0000 0000 0666 0000 0000 0000 0000 0000 0000 0000 0000 0000 0000 0000 0000
    PAL1: 0000 0E00 0E60 0000 0000 0000 0000 0000 0000 0000 0000 0000 0000 0000 0000 0000
    PAL2: 0000 0440 0E00 0A00 0000 0000 0000 0000 0000 0000 0000 0000 0000 0000 0000 0000
    PAL3: 0000 0666 0E00 0440 0000 0000 0000 0000 0000 0000 0000 0000 0000 0000 0000 0000
  VRAM: sp0=FB0F48F5 bg=4367331B sp1=2F8A0853 sp2=CAC557FF sp3=4FFD467F planeA=DC3443FC
  VRAM $0000-$007F (first 4 tiles of copy 0):
    00 00 00 00 00 00 01 11 00 01 11 11 01 11 21 13 
    11 11 22 33 10 11 22 23 00 13 32 23 00 03 33 22 
    00 00 00 00 00 00 00 00 00 00 00 00 00 00 00 00 
    00 00 00 00 00 00 00 00 00 00 00 00 00 00 00 00 
    00 00 00 00 00 00 00 00 00 00 00 00 00 00 00 00 
    00 00 00 00 00 00 00 00 00 00 00 00 00 00 00 00 
    00 00 00 00 00 00 00 00 00 00 00 00 00 00 00 00 
    00 00 00 00 00 00 00 00 00 00 00 00 00 00 00 00 
  VRAM $4000-$401F (first tile of copy 1):
    00 00 00 00 00 00 00 00 00 00 00 00 00 00 00 00 00 00 00 00 00 00 00 00 00 00 00 00 00 00 00 00 

=== intro  frame=2000 ===
  CRAM:
    PAL0: 0000 0EEE 0EEE 0EEE 0000 0000 0000 0000 0000 0000 0000 0000 0000 0000 0000 0000
    PAL1: 0000 0EA4 0EEE 0EEE 0000 0000 0000 0000 0000 0000 0000 0000 0000 0000 0000 0000
    PAL2: 0000 004A 048E 0EEE 0000 0000 0000 0000 0000 0000 0000 0000 0000 0000 0000 0000
    PAL3: 0000 0040 04A0 08E4 0000 0000 0000 0000 0000 0000 0000 0000 0000 0000 0000 0000
  VRAM: sp0=FB0F48F5 bg=4367331B sp1=2F8A0853 sp2=CAC557FF sp3=4FFD467F planeA=534BBE2A
  VRAM $0000-$007F (first 4 tiles of copy 0):
    00 00 00 00 00 00 01 11 00 01 11 11 01 11 21 13 
    11 11 22 33 10 11 22 23 00 13 32 23 00 03 33 22 
    00 00 00 00 00 00 00 00 00 00 00 00 00 00 00 00 
    00 00 00 00 00 00 00 00 00 00 00 00 00 00 00 00 
    00 00 00 00 00 00 00 00 00 00 00 00 00 00 00 00 
    00 00 00 00 00 00 00 00 00 00 00 00 00 00 00 00 
    00 00 00 00 00 00 00 00 00 00 00 00 00 00 00 00 
    00 00 00 00 00 00 00 00 00 00 00 00 00 00 00 00 
  VRAM $4000-$401F (first tile of copy 1):
    00 00 00 00 00 00 00 00 00 00 00 00 00 00 00 00 00 00 00 00 00 00 00 00 00 00 00 00 00 00 00 00 

=== items  frame=2400 ===
  CRAM:
    PAL0: 0000 0EEE 0EEE 0EEE 0000 0000 0000 0000 0000 0000 0000 0000 0000 0000 0000 0000
    PAL1: 0000 0EA4 0EEE 0EEE 0000 0000 0000 0000 0000 0000 0000 0000 0000 0000 0000 0000
    PAL2: 0000 004A 048E 0EEE 0000 0000 0000 0000 0000 0000 0000 0000 0000 0000 0000 0000
    PAL3: 0000 0040 04A0 08E4 0000 0000 0000 0000 0000 0000 0000 0000 0000 0000 0000 0000
  VRAM: sp0=FB0F48F5 bg=4367331B sp1=2F8A0853 sp2=CAC557FF sp3=4FFD467F planeA=9F274E3E
  VRAM $0000-$007F (first 4 tiles of copy 0):
    00 00 00 00 00 00 01 11 00 01 11 11 01 11 21 13 
    11 11 22 33 10 11 22 23 00 13 32 23 00 03 33 22 
    00 00 00 00 00 00 00 00 00 00 00 00 00 00 00 00 
    00 00 00 00 00 00 00 00 00 00 00 00 00 00 00 00 
    00 00 00 00 00 00 00 00 00 00 00 00 00 00 00 00 
    00 00 00 00 00 00 00 00 00 00 00 00 00 00 00 00 
    00 00 00 00 00 00 00 00 00 00 00 00 00 00 00 00 
    00 00 00 00 00 00 00 00 00 00 00 00 00 00 00 00 
  VRAM $4000-$401F (first tile of copy 1):
    00 00 00 00 00 00 00 00 00 00 00 00 00 00 00 00 00 00 00 00 00 00 00 00 00 00 00 00 00 00 00 00 

