# CHR expansion S3-S7 verification probe
# Build tag written by probe caller

=== boot  frame=90 ===
  CRAM:
    PAL0: 0CCE 0000 0666 0AAA 0000 0000 0000 0000 0000 0000 0000 0000 0000 0000 0000 0000
    PAL1: 0CCE 004A 004A 0000 0000 0000 0000 0000 0000 0000 0000 0000 0000 0000 0000 0000
    PAL2: 0CCE 0044 0080 00CC 0000 0000 0000 0000 0000 0000 0000 0000 0000 0000 0000 0000
    PAL3: 0CCE 0EEE 0CEA 0E86 0000 0000 0000 0000 0000 0000 0000 0000 0000 0000 0000 0000
  VRAM: sp0=C6783469 bg=4367331B sp1=BCC31DC5 sp2=BCC31DC5 sp3=BCC31DC5 planeA=DC3443FC
  VRAM $0000-$007F (first 4 tiles of copy 0):
    00 00 00 00 00 00 01 11 00 01 11 11 01 11 21 13 
    11 11 22 33 10 11 22 23 00 13 32 23 00 03 33 22 
    00 00 11 11 00 13 31 12 00 33 33 32 01 33 33 32 
    01 13 33 31 33 11 11 13 33 31 11 11 03 33 00 00 
    00 00 00 00 10 00 00 00 33 33 00 00 33 33 30 00 
    33 33 00 00 22 12 00 00 22 32 22 00 22 22 03 00 
    22 22 03 00 22 33 23 00 22 13 23 00 21 13 03 00 
    11 30 03 00 33 31 03 00 11 13 30 00 03 33 00 00 
  VRAM $4000-$401F (first tile of copy 1):
    00 00 00 00 00 00 00 00 00 00 00 00 00 00 00 00 00 00 00 00 00 00 00 00 00 00 00 00 00 00 00 00 

=== title  frame=600 ===
  CRAM:
    PAL0: 0000 0000 0000 0666 0000 0000 0000 0000 0000 0000 0000 0000 0000 0000 0000 0000
    PAL1: 0000 0E00 0E60 0000 0000 0000 0000 0000 0000 0000 0000 0000 0000 0000 0000 0000
    PAL2: 0000 0440 0E00 0A00 0000 0000 0000 0000 0000 0000 0000 0000 0000 0000 0000 0000
    PAL3: 0000 0666 0E00 0440 0000 0000 0000 0000 0000 0000 0000 0000 0000 0000 0000 0000
  VRAM: sp0=C6783469 bg=4367331B sp1=BCC31DC5 sp2=BCC31DC5 sp3=BCC31DC5 planeA=DC3443FC
  VRAM $0000-$007F (first 4 tiles of copy 0):
    00 00 00 00 00 00 01 11 00 01 11 11 01 11 21 13 
    11 11 22 33 10 11 22 23 00 13 32 23 00 03 33 22 
    00 00 11 11 00 13 31 12 00 33 33 32 01 33 33 32 
    01 13 33 31 33 11 11 13 33 31 11 11 03 33 00 00 
    00 00 00 00 10 00 00 00 33 33 00 00 33 33 30 00 
    33 33 00 00 22 12 00 00 22 32 22 00 22 22 03 00 
    22 22 03 00 22 33 23 00 22 13 23 00 21 13 03 00 
    11 30 03 00 33 31 03 00 11 13 30 00 03 33 00 00 
  VRAM $4000-$401F (first tile of copy 1):
    00 00 00 00 00 00 00 00 00 00 00 00 00 00 00 00 00 00 00 00 00 00 00 00 00 00 00 00 00 00 00 00 

=== intro  frame=2000 ===
  CRAM:
    PAL0: 0000 0EEE 0EEE 0EEE 0000 0000 0000 0000 0000 0000 0000 0000 0000 0000 0000 0000
    PAL1: 0000 0EA4 0EEE 0EEE 0000 0000 0000 0000 0000 0000 0000 0000 0000 0000 0000 0000
    PAL2: 0000 004A 048E 0EEE 0000 0000 0000 0000 0000 0000 0000 0000 0000 0000 0000 0000
    PAL3: 0000 0040 04A0 08E4 0000 0000 0000 0000 0000 0000 0000 0000 0000 0000 0000 0000
  VRAM: sp0=C6783469 bg=4367331B sp1=BCC31DC5 sp2=BCC31DC5 sp3=BCC31DC5 planeA=534BBE2A
  VRAM $0000-$007F (first 4 tiles of copy 0):
    00 00 00 00 00 00 01 11 00 01 11 11 01 11 21 13 
    11 11 22 33 10 11 22 23 00 13 32 23 00 03 33 22 
    00 00 11 11 00 13 31 12 00 33 33 32 01 33 33 32 
    01 13 33 31 33 11 11 13 33 31 11 11 03 33 00 00 
    00 00 00 00 10 00 00 00 33 33 00 00 33 33 30 00 
    33 33 00 00 22 12 00 00 22 32 22 00 22 22 03 00 
    22 22 03 00 22 33 23 00 22 13 23 00 21 13 03 00 
    11 30 03 00 33 31 03 00 11 13 30 00 03 33 00 00 
  VRAM $4000-$401F (first tile of copy 1):
    00 00 00 00 00 00 00 00 00 00 00 00 00 00 00 00 00 00 00 00 00 00 00 00 00 00 00 00 00 00 00 00 

=== items  frame=2400 ===
  CRAM:
    PAL0: 0000 0EEE 0EEE 0EEE 0000 0000 0000 0000 0000 0000 0000 0000 0000 0000 0000 0000
    PAL1: 0000 0EA4 0EEE 0EEE 0000 0000 0000 0000 0000 0000 0000 0000 0000 0000 0000 0000
    PAL2: 0000 004A 048E 0EEE 0000 0000 0000 0000 0000 0000 0000 0000 0000 0000 0000 0000
    PAL3: 0000 0040 04A0 08E4 0000 0000 0000 0000 0000 0000 0000 0000 0000 0000 0000 0000
  VRAM: sp0=C6783469 bg=4367331B sp1=BCC31DC5 sp2=BCC31DC5 sp3=BCC31DC5 planeA=9F274E3E
  VRAM $0000-$007F (first 4 tiles of copy 0):
    00 00 00 00 00 00 01 11 00 01 11 11 01 11 21 13 
    11 11 22 33 10 11 22 23 00 13 32 23 00 03 33 22 
    00 00 11 11 00 13 31 12 00 33 33 32 01 33 33 32 
    01 13 33 31 33 11 11 13 33 31 11 11 03 33 00 00 
    00 00 00 00 10 00 00 00 33 33 00 00 33 33 30 00 
    33 33 00 00 22 12 00 00 22 32 22 00 22 22 03 00 
    22 22 03 00 22 33 23 00 22 13 23 00 21 13 03 00 
    11 30 03 00 33 31 03 00 11 13 30 00 03 33 00 00 
  VRAM $4000-$401F (first tile of copy 1):
    00 00 00 00 00 00 00 00 00 00 00 00 00 00 00 00 00 00 00 00 00 00 00 00 00 00 00 00 00 00 00 00 

