=================================================================
Phase 9.1 — FS1 diagnostic dump
=================================================================
  sample frame = 600
  GameMode=$01  SubMode=$00  (mode1 first seen at frame 193)

─── Plane A nametable rows 0..29 (cols 0..31, VRAM $C000+row*$80) ──
  r00 $C000: 8124 8124 8124 8124 8124 8124 8124 8124 8124 8124 8124 8124 8124 8124 8124 8124
           8124 8124 8124 8124 8124 8124 8124 8124 8124 8124 8124 8124 8124 8124 8124 8124
  r01 $C080: 8124 8124 8124 8124 8124 8124 8124 8124 8124 8124 8124 8124 8124 8124 8124 8124
           8124 8124 8124 8124 8124 8124 8124 8124 8124 8124 8124 8124 8124 8124 8124 8124
  r02 $C100: 8124 8124 8124 8124 8124 8124 8124 8124 8124 8124 8124 8124 8124 8124 8124 8124
           8124 8124 8124 8124 8124 8124 8124 8124 8124 8124 8124 8124 8124 8124 8124 8124
  r03 $C180: 8124 8124 8124 8124 8124 8124 8124 8124 8124 8124 8124 8124 8124 8124 8124 8124
           8124 8124 8124 8124 8124 8124 8124 8124 8124 8124 8124 8124 8124 8124 8124 8124
  r04 $C200: 8124 8124 8124 8124 8124 8124 8124 8124 8124 8124 8124 8124 8124 8124 8124 8124
           8124 8124 8124 8124 8124 8124 8124 8124 8124 8124 8124 8124 8124 8124 8124 8124
  r05 $C280: 8124 8124 8124 8124 8124 8124 8124 8124 8124 8124 8124 8124 8124 8124 8124 8124
           8124 8124 8124 8124 8124 8124 8124 8124 8124 8124 8124 8124 8124 8124 8124 8124
  r06 $C300: 8124 8124 8124 8124 8124 8124 8124 8124 8124 8124 8124 8124 8124 8124 8124 8124
           8124 8124 8124 8124 8124 8124 8124 8124 8124 8124 8124 8124 8124 8124 8124 8124
  r07 $C380: 8124 8124 8124 8124 8124 8124 8124 8124 8124 8124 8124 8124 8124 8124 8124 8124
           8124 8124 8124 8124 8124 8124 8124 8124 8124 8124 8124 8124 8124 8124 8124 8124
  r08 $C400: 8124 8124 8124 8124 8124 8124 8124 8124 8124 8124 8124 8124 8124 8124 8124 8124
           8124 8124 8124 8124 8124 8124 8124 8124 8124 8124 8124 8124 8124 8124 8124 8124
  r09 $C480: 8124 8124 8124 8124 8124 8124 8124 8124 8124 8124 8124 8124 8124 8124 8124 8124
           8124 8124 8124 8124 8124 8124 8124 8124 8124 8124 8124 8124 8124 8124 8124 8124
  r10 $C500: 8124 8124 8124 8124 8124 8124 8124 8124 8124 8124 8124 8124 8124 8124 8124 8124
           8124 8124 8124 8124 8124 8124 8124 8124 8124 8124 8124 8124 8124 8124 8124 8124
  r11 $C580: 8124 8124 8124 8124 8124 8124 8124 8124 8124 8124 8124 8124 8124 8124 8124 8124
           8124 8124 8124 8124 8124 8124 8124 8124 8124 8124 8124 8124 8124 8124 8124 8124
  r12 $C600: 8124 8124 8124 8124 8124 8124 8124 8124 8124 8124 8124 8124 8124 8124 8124 8124
           8124 8124 8124 8124 8124 8124 8124 8124 8124 8124 8124 8124 8124 8124 8124 8124
  r13 $C680: 8124 8124 8124 8124 8124 8124 8124 8124 8124 8124 8124 8124 8124 8124 8124 8124
           8124 8124 8124 8124 8124 8124 8124 8124 8124 8124 8124 8124 8124 8124 8124 8124
  r14 $C700: 8124 8124 8124 8124 8124 8124 8124 8124 8124 8124 8124 8124 8124 8124 8124 8124
           8124 8124 8124 8124 8124 8124 8124 8124 8124 8124 8124 8124 8124 8124 8124 8124
  r15 $C780: 8124 8124 8124 8124 8124 8124 8124 8124 8124 8124 8124 8124 8124 8124 8124 8124
           8124 8124 8124 8124 8124 8124 8124 8124 8124 8124 8124 8124 8124 8124 8124 8124
  r16 $C800: 8124 8124 8124 8124 8124 8124 8124 8124 8124 8124 8124 8124 8124 8124 8124 8124
           8124 8124 8124 8124 8124 8124 8124 8124 8124 8124 8124 8124 8124 8124 8124 8124
  r17 $C880: 8124 8124 8124 8124 8124 8124 8124 8124 8124 8124 8124 8124 8124 8124 8124 8124
           8124 8124 8124 8124 8124 8124 8124 8124 8124 8124 8124 8124 8124 8124 8124 8124
  r18 $C900: 8124 8124 8124 8124 8124 8124 8124 8124 8124 8124 8124 8124 8124 8124 8124 8124
           8124 8124 8124 8124 8124 8124 8124 8124 8124 8124 8124 8124 8124 8124 8124 8124
  r19 $C980: 8124 8124 8124 8124 8124 8124 8124 8124 8124 8124 8124 8124 8124 8124 8124 8124
           8124 8124 8124 8124 8124 8124 8124 8124 8124 8124 8124 8124 8124 8124 8124 8124
  r20 $CA00: 8124 8124 8124 8124 8124 8124 8124 8124 8124 8124 8124 8124 8124 8124 8124 8124
           8124 8124 8124 8124 8124 8124 8124 8124 8124 8124 8124 8124 8124 8124 8124 8124
  r21 $CA80: 8124 8124 8124 8124 8124 8124 8124 8124 8124 8124 8124 8124 8124 8124 8124 8124
           8124 8124 8124 8124 8124 8124 8124 8124 8124 8124 8124 8124 8124 8124 8124 8124
  r22 $CB00: 8124 8124 8124 8124 8124 8124 8124 8124 8124 8124 8124 8124 8124 8124 8124 8124
           8124 8124 8124 8124 8124 8124 8124 8124 8124 8124 8124 8124 8124 8124 8124 8124
  r23 $CB80: 8124 8124 8124 8124 8124 8124 8124 8124 8124 8124 8124 8124 8124 8124 8124 8124
           8124 8124 8124 8124 8124 8124 8124 8124 8124 8124 8124 8124 8124 8124 8124 8124
  r24 $CC00: 8124 8124 8124 8124 8124 8124 8124 8124 8124 8124 8124 8124 8124 8124 8124 8124
           8124 8124 8124 8124 8124 8124 8124 8124 8124 8124 8124 8124 8124 8124 8124 8124
  r25 $CC80: 8124 8124 8124 8124 8124 8124 8124 8124 8124 8124 8124 8124 8124 8124 8124 8124
           8124 8124 8124 8124 8124 8124 8124 8124 8124 8124 8124 8124 8124 8124 8124 8124
  r26 $CD00: 8124 8124 8124 8124 8124 8124 8124 8124 8124 8124 8124 8124 8124 8124 8124 8124
           8124 8124 8124 8124 8124 8124 8124 8124 8124 8124 8124 8124 8124 8124 8124 8124
  r27 $CD80: 8124 8124 8124 8124 8124 8124 8124 8124 8124 8124 8124 8124 8124 8124 8124 8124
           8124 8124 8124 8124 8124 8124 8124 8124 8124 8124 8124 8124 8124 8124 8124 8124
  r28 $CE00: 8124 8124 8124 8124 8124 8124 8124 8124 8124 8124 8124 8124 8124 8124 8124 8124
           8124 8124 8124 8124 8124 8124 8124 8124 8124 8124 8124 8124 8124 8124 8124 8124
  r29 $CE80: 8124 8124 8124 8124 8124 8124 8124 8124 8124 8124 8124 8124 8124 8124 8124 8124
           8124 8124 8124 8124 8124 8124 8124 8124 8124 8124 8124 8124 8124 8124 8124 8124

─── SAT (VRAM $F800) entries 0..20 ────────────────────────────────
   #    Y     X    attr       tile  pal  pri  link  raw
  00  $0129  $00A8  $A1F2  $1F2   1   1    01  [sz=01 lk=01 hf=0 vf=0]
  01  $0179  $0148  $9CCC  $4CC   0   1    02  [sz=01 lk=02 hf=1 vf=1]
  02  $0179  $00A8  $94CA  $4CA   0   1    03  [sz=01 lk=03 hf=0 vf=1]
  03  $0179  $00B0  $94CC  $4CC   0   1    04  [sz=01 lk=04 hf=0 vf=1]
  04  $00D9  $00B0  $8008  $008   0   1    05  [sz=01 lk=05 hf=0 vf=0]
  05  $00D9  $00B8  $800A  $00A   0   1    06  [sz=01 lk=06 hf=0 vf=0]
  06  $00F1  $00B0  $8208  $208   0   1    07  [sz=01 lk=07 hf=0 vf=0]
  07  $00F1  $00B8  $820A  $20A   0   1    08  [sz=01 lk=08 hf=0 vf=0]
  08  $0109  $00B0  $8408  $408   0   1    09  [sz=01 lk=09 hf=0 vf=0]
  09  $0109  $00B8  $840A  $40A   0   1    0A  [sz=01 lk=0A hf=0 vf=0]
  10  $0179  $00D7  $84D2  $4D2   0   1    0B  [sz=01 lk=0B hf=0 vf=0]
  11  $0179  $014C  $84D2  $4D2   0   1    0C  [sz=01 lk=0C hf=0 vf=0]
  12  $0179  $00FB  $84D2  $4D2   0   1    0D  [sz=01 lk=0D hf=0 vf=0]
  13  $0179  $00D0  $84D2  $4D2   0   1    0E  [sz=01 lk=0E hf=0 vf=0]
  14  $0179  $00DF  $84D4  $4D4   0   1    0F  [sz=01 lk=0F hf=0 vf=0]
  15  $0179  $00A4  $84D4  $4D4   0   1    10  [sz=01 lk=10 hf=0 vf=0]
  16  $0179  $00E4  $84D4  $4D4   0   1    11  [sz=01 lk=11 hf=0 vf=0]
  17  $0179  $0110  $84D4  $4D4   0   1    12  [sz=01 lk=12 hf=0 vf=0]
  18  $0179  $00D0  $84D6  $4D6   0   1    13  [sz=01 lk=13 hf=0 vf=0]
  19  $0179  $0120  $84D6  $4D6   0   1    14  [sz=01 lk=14 hf=0 vf=0]
  20  $0179  $00AC  $84D6  $4D6   0   1    15  [sz=01 lk=15 hf=0 vf=0]

─── CRAM palettes 0..3 (16 words each) ────────────────────────────
  pal0: 0000 0EEE 0666 0E40 0000 02EA 048E 0028 0000 0E86 048E 0028 0000 046E 048E 0028
  pal1: 0000 004A 048E 0CCE 0000 040C 048E 0EEE 0000 0000 0000 0000 0000 0000 0000 0000
  pal2: 0000 0440 0880 0CC0 0000 0000 0000 0000 0000 0000 0000 0000 0000 0000 0000 0000
  pal3: 0000 0E40 0880 0CC0 0000 0000 0000 0000 0000 0000 0000 0000 0000 0000 0000 0000

─── Frontend RAM ($FF0010..$FF0070 spot dump) ─────────────────────
  GameMode      ($FF0012) = $01
  SubMode       ($FF0013) = $00
  F8 buttons    ($FF00F8) = $00
  CurV          ($FF00FC) = $00
  PPUCTRL shdw  ($FF00FF) = $B0
  CharBoardIdx  ($FF041F) = $01
  StartRelGate  ($FF042B) = $00
  VRamForceBlank($FF083D) = $00
  LAST_GAMEMODE ($FF0810) = $00

─── NES reference hint ────────────────────────────────────────────
  NES FS1 header row 4 (cols 7..24) should read "LEGEND OF ZELDA"
  NES FS1 row 10 slot 1 starts with tile $80 or so (slot border)
  NES FS1 row 23 footer reads "REGISTER YOUR NAME"
  NES FS1 row 25 footer reads "ELIMINATION MODE"
  (Full reference embed TBD after 9.1 produces the first diff)

=================================================================
FS1 diagnostic dump complete.
=================================================================
