=== fs1_vram_snap frame=220 mode=01 sub=00 ===
--- Plane A NT0 (rows 0..29, cols 0..31) ---
row 00: 8124 8124 8124 8124 8124 8124 8124 8124 8124 8124 8124 8124 8124 8124 8124 8124 8124 8124 8124 8124 8124 8124 8124 8124 8124 8124 8124 8124 8124 8124 8124 8124
row 01: 8124 8124 8124 8124 8124 8124 8124 8124 8124 8124 8124 8124 8124 8124 8124 8124 8124 8124 8124 8124 8124 8124 8124 8124 8124 8124 8124 8124 8124 8124 8124 8124
row 02: 8124 8124 8124 8124 8124 8124 8124 8124 8124 8124 8124 8124 8124 8124 8124 8124 8124 8124 8124 8124 8124 8124 8124 8124 8124 8124 8124 8124 8124 8124 8124 8124
row 03: 8124 8124 8124 8124 8124 8124 8124 8124 8124 8124 8124 8124 8124 8124 8124 8124 8124 8124 8124 8124 8124 8124 8124 8124 8124 8124 8124 8124 8124 8124 8124 8124
row 04: 8124 8124 8124 8124 8124 8124 8124 8124 8124 8124 8124 8124 8124 8124 8124 8124 8124 8124 8124 8124 8124 8124 8124 8124 8124 8124 8124 8124 8124 8124 8124 8124
row 05: 8124 8124 8124 8124 8124 8124 8124 8124 8162 8124 811C 8124 810E 8124 8115 8124 810E 8124 810C 8124 811D 8124 8162 8124 8124 8124 8124 8124 8124 8124 8124 8124
row 06: 8124 8124 8124 8124 8124 8124 8124 8124 8124 8124 8124 8124 8124 8124 8124 8124 8124 8124 8124 8124 8124 8124 8124 8124 8124 8124 8124 8124 8124 8124 8124 8124
row 07: 8124 8124 8124 8124 8124 8124 8124 8124 8124 8124 8124 8124 8124 8124 8124 8124 8124 8124 8124 8124 8124 8124 8124 8124 8124 8124 8124 8124 8124 8124 8124 8124
row 08: 8124 8124 8124 8169 816A 816A 816A 816A 816A 816A 8124 8117 810A 8116 810E 8124 816A 816A 816A 8124 8115 8112 810F 810E 8124 816A 816A 816A 816B 8124 8124 8124
row 09: 8124 8124 8124 816C 8124 8124 8124 8124 8124 8124 8124 8124 8124 8124 8124 8124 8124 8124 8124 8124 8124 8124 8124 8124 8124 8124 8124 8124 816C 8124 8124 8124
row 10: 8124 8124 8124 816C 8124 8124 8124 8124 8124 8124 8124 8124 8124 8124 8124 8124 8124 8124 A124 A124 A124 A124 A124 A124 A124 A124 A124 A124 816C 8124 8124 8124
row 11: 8124 8124 8124 816C 8124 8124 8124 8124 8124 8124 8124 8124 8124 8124 8124 8124 8124 8162 8124 8124 8124 8124 8124 8124 8124 8124 A124 A124 816C 8124 8124 8124
row 12: 8124 8124 8124 816C 8124 8124 8124 8124 8124 8124 8124 8124 8124 8124 8124 8124 8124 8124 8124 8124 8124 8124 8124 8124 8124 8124 A124 A124 816C 8124 8124 8124
row 13: 8124 8124 8124 816C 8124 8124 8124 8124 8124 8124 8124 8124 8124 8124 8124 8124 8124 8124 A124 A124 A124 A124 A124 A124 A124 A124 A124 A124 816C 8124 8124 8124
row 14: 8124 8124 8124 816C 8124 8124 8124 8124 8124 8124 8124 8124 8124 8124 8124 8124 8124 8162 8124 8124 8124 8124 8124 8124 8124 8124 A124 A124 816C 8124 8124 8124
row 15: 8124 8124 8124 816C 8124 8124 8124 8124 8124 8124 8124 8124 8124 8124 8124 8124 8124 8124 8124 8124 8124 8124 8124 8124 8124 8124 A124 A124 816C 8124 8124 8124
row 16: 8124 8124 8124 816C 8124 8124 8124 8124 8124 8124 8124 8124 8124 8124 8124 8124 8124 8124 A124 A124 A124 A124 A124 A124 A124 A124 A124 A124 816C 8124 8124 8124
row 17: 8124 8124 8124 816C 8124 8124 8124 8124 8124 8124 8124 8124 8124 8124 8124 8124 8124 8162 8124 8124 8124 8124 8124 8124 8124 8124 A124 A124 816C 8124 8124 8124
row 18: 8124 8124 8124 816C 8124 8124 8124 8124 8124 8124 8124 8124 8124 8124 8124 8124 8124 8124 8124 8124 8124 8124 8124 8124 8124 8124 A124 A124 816C 8124 8124 8124
row 19: 8124 8124 8124 816C 8124 8124 8124 8124 8124 8124 8124 8124 8124 8124 8124 8124 8124 8124 A124 A124 A124 A124 A124 A124 A124 A124 A124 A124 816C 8124 8124 8124
row 20: 8124 8124 8124 816C 8124 8124 8124 8124 8124 8124 8124 8124 8124 8124 8124 8124 8124 8124 8124 8124 8124 8124 8124 8124 8124 8124 8124 8124 816C 8124 8124 8124
row 21: 8124 8124 8124 816C 8124 8124 811B 810E 8110 8112 811C 811D 810E 811B 8124 8122 8118 811E 811B 8124 8117 810A 8116 810E 8124 8124 8124 8124 816C 8124 8124 8124
row 22: 8124 8124 8124 816C 8124 8124 8124 8124 8124 8124 8124 8124 8124 8124 8124 8124 8124 8124 8124 8124 8124 8124 8124 8124 8124 8124 8124 8124 816C 8124 8124 8124
row 23: 8124 8124 8124 816C 8124 8124 810E 8115 8112 8116 8112 8117 810A 811D 8112 8118 8117 8124 8116 8118 810D 810E 8124 8124 8124 8124 8124 8124 816C 8124 8124 8124
row 24: 8124 8124 8124 816C 8124 8124 8124 8124 8124 8124 8124 8124 8124 8124 8124 8124 8124 8124 8124 8124 8124 8124 8124 8124 8124 8124 8124 8124 816C 8124 8124 8124
row 25: 8124 8124 8124 816E 816A 816A 816A 816A 816A 816A 816A 816A 816A 816A 816A 816A 816A 816A 816A 816A 816A 816A 816A 816A 816A 816A 816A 816A 816D 8124 8124 8124
row 26: 8124 8124 8124 8124 8124 8124 8124 8124 8124 8124 8124 8124 8124 8124 8124 8124 8124 8124 8124 8124 8124 8124 8124 8124 8124 8124 8124 8124 8124 8124 8124 8124
row 27: 8124 8124 8124 8124 8124 8124 8124 8124 8124 8124 8124 8124 8124 8124 8124 8124 8124 8124 8124 8124 8124 8124 8124 8124 8124 8124 8124 8124 8124 8124 8124 8124
row 28: 8124 8124 8124 8124 8124 8124 8124 8124 8124 8124 8124 8124 8124 8124 8124 8124 8124 8124 8124 8124 8124 8124 8124 8124 8124 8124 8124 8124 8124 8124 8124 8124
row 29: 8124 8124 8124 8124 8124 8124 8124 8124 8124 8124 8124 8124 8124 8124 8124 8124 8124 8124 8124 8124 8124 8124 8124 8124 8124 8124 8124 8124 8124 8124 8124 8124
--- Unique tile-low-bytes seen in Plane A NT0 (rows 0..29) ---
  tile $124 count=838
  tile $162 count=5
  tile $11C count=2
  tile $10E count=9
  tile $115 count=3
  tile $10C count=1
  tile $11D count=3
  tile $169 count=1
  tile $16A count=36
  tile $117 count=4
  tile $10A count=3
  tile $116 count=4
  tile $112 count=5
  tile $10F count=1
  tile $16B count=1
  tile $16C count=32
  tile $11B count=3
  tile $110 count=1
  tile $122 count=1
  tile $118 count=3
  tile $11E count=1
  tile $10D count=1
  tile $16E count=1
  tile $16D count=1
--- NT_CACHE_BASE (NES_RAM offset $0700, 32 rows × 32 cols = 0x3C0 bytes) ---
