Plane A nametable dump at Genesis frame 1508
VRAM base $C000, 64 cols wide, 64 rows tall
Each cell = tile index (low byte of map word)

r00: 124 124 124 124 124 124 124 124 124 124 124 124 124 124 124 124 124 124 124 124 124 124 124 124 124 124 124 124 124 124 124 124 
r01: 124 124 124 124 124 124 124 124 124 124 124 124 124 124 124 124 124 124 124 124 124 124 124 124 124 124 124 124 124 124 124 124 
r02: 124 124 124 124 124 124 124 124 124 124 124 124 124 124 124 124 124 124 124 124 124 124 124 124 124 124 124 124 124 124 124 124 
r03: 124 124 124 124 124 124 124 124 124 124 124 124 124 124 124 124 124 124 124 124 124 124 124 124 124 124 124 124 124 124 124 124 
r04: 124 124 1E6 1E4 1E5 124 11D 111 10E 124 115 10E 110 10E 117 10D 124 118 10F 124 123 10E 115 10D 10A 124 1E5 1E4 1E5 1E6 124 124 
r05: 124 124 1E2 124 124 124 124 124 124 124 124 124 124 124 124 124 124 124 124 124 124 124 124 124 124 124 124 124 124 1E3 124 124 
r06: 124 124 1E3 124 124 124 124 124 124 124 124 124 124 124 124 124 124 124 124 124 124 124 124 124 124 124 124 124 124 1E2 124 124 
r07: 124 124 1E2 124 116 10A 117 122 124 124 122 10E 10A 11B 11C 124 124 10A 110 118 124 124 119 11B 112 117 10C 10E 124 1E3 124 124 
r08: 124 124 1E3 124 124 124 124 124 124 124 124 124 124 1F8 124 124 124 124 124 124 124 1F8 124 124 124 124 124 124 124 1E2 124 124 
r09: 124 124 1E2 124 10D 10A 11B 114 117 10E 11C 11C 124 124 124 110 10A 117 117 118 117 124 124 11C 11D 118 115 10E 124 1E3 124 124 
r10: 124 124 1E3 124 124 124 124 124 124 124 124 124 124 124 124 124 124 124 124 124 124 124 124 124 124 124 124 124 124 1E2 124 124 
r11: 124 124 1E2 124 118 117 10E 124 118 10F 124 11D 111 10E 124 11D 11B 112 10F 118 11B 10C 10E 124 120 112 11D 111 124 1E3 124 124 
r12: 124 124 1E3 124 124 124 124 124 124 124 124 124 124 124 124 124 124 124 124 124 124 124 124 124 124 124 124 124 124 1E2 124 124 
r13: 124 124 1E2 124 119 118 120 10E 11B 163 124 124 124 124 119 11B 112 117 10C 10E 11C 11C 124 123 10E 115 10D 10A 124 1E3 124 124 
r14: 124 124 1E3 124 124 124 124 124 124 124 124 124 124 124 124 124 124 124 124 124 124 124 124 124 124 124 124 124 124 1E2 124 124 
r15: 124 124 1E2 124 111 10A 10D 124 124 118 117 10E 124 118 10F 124 11D 111 10E 124 11D 11B 112 10F 118 11B 10C 10E 124 1E3 124 124 
r16: 124 124 1E3 124 124 124 124 124 124 124 124 124 124 124 124 124 124 124 124 124 124 124 124 124 124 124 124 124 124 1E2 124 124 
r17: 124 124 1E2 124 120 112 11D 111 124 120 112 11C 10D 118 116 163 124 11C 111 10E 124 10D 112 11F 112 10D 10E 10D 124 1E2 124 124 
r18: 124 124 1E3 124 124 124 124 124 124 124 124 1F8 124 124 1F8 124 124 124 124 124 124 124 124 124 124 124 124 124 124 1E3 124 124 
r19: 124 124 1E2 124 112 11D 124 112 117 11D 118 124 124 108 124 11E 117 112 11D 11C 124 11D 118 124 111 112 10D 10E 124 1E3 124 124 
r20: 124 124 1E3 124 124 124 124 124 124 124 124 124 1F8 124 124 124 124 124 124 124 1F8 124 124 124 124 124 124 124 124 1E2 124 124 
r21: 124 124 1E2 124 112 11D 124 10F 11B 118 116 124 124 124 110 10A 117 117 118 117 124 124 10B 10E 10F 118 11B 10E 124 1E3 124 124 
r22: 124 124 1E3 124 124 124 124 124 124 124 124 124 124 124 124 124 124 124 124 124 124 124 124 124 124 124 124 124 124 1E2 124 124 
r23: 124 124 1E2 124 11C 111 10E 124 120 10A 11C 124 10C 10A 119 11D 11E 11B 10E 10D 163 124 124 124 124 124 124 124 124 1E3 124 124 
r24: 124 124 1E3 124 124 124 124 124 124 124 124 124 124 124 124 124 124 1F8 124 124 1F8 124 124 124 124 124 124 124 124 1E2 124 124 
r25: 124 124 1E2 124 124 124 110 118 124 10F 112 117 10D 124 11D 111 10E 124 124 108 124 11E 117 112 11D 11C 124 124 124 1E3 124 124 
r26: 124 124 1E3 124 124 124 1F8 124 124 124 124 124 1F8 124 124 124 124 124 124 124 124 124 124 124 124 124 124 124 124 1E2 124 124 
r27: 124 124 1E2 124 124 124 124 124 115 112 117 114 124 124 11D 118 124 11C 10A 11F 10E 124 111 10E 11B 163 124 124 124 1E3 124 124 
r28: 124 124 1E3 124 124 124 124 124 124 124 124 124 124 124 124 124 124 124 124 124 124 124 124 124 124 124 124 124 124 1E2 124 124 
r29: 124 124 1E6 1E4 1E5 1E4 1E5 1E4 1E5 1E4 1E5 1E4 1E5 1E4 1E5 1E4 1E5 1E4 1E5 1E4 1E5 1E4 1E5 1E4 1E5 1E4 1E5 1E4 1E5 1E6 124 124 
r30: 124 124 124 124 124 124 124 124 124 124 124 124 124 124 124 124 124 124 124 124 124 124 124 124 124 124 124 124 124 124 124 124 
r31: 124 124 124 124 124 124 124 124 124 124 124 124 124 124 124 124 124 124 124 124 124 124 124 124 124 124 124 124 124 124 124 124 
r32: 124 124 124 124 124 124 124 124 124 124 124 124 124 124 124 124 124 124 124 124 124 124 124 124 124 124 124 124 124 124 124 124 
r33: 124 124 124 124 124 124 124 124 124 124 124 124 124 124 124 124 124 124 124 124 124 124 124 124 124 124 124 124 124 124 124 124 

--- CRAM (palettes) ---
PAL0: 000 EEE EEE EEE 000 2EA ACE 04A 000 A00 E86 EEE 000 04A 48E EEE 
PAL1: 000 EA4 EEE EEE 000 040 4A0 8E4 000 000 000 000 000 000 000 000 
PAL2: 000 04A EEE EEE 000 000 000 000 000 000 000 000 000 000 000 000 
PAL3: 000 2EA 080 060 000 000 000 000 000 000 000 000 000 000 000 000 

--- VSRAM ---
VSRAM[0]=0010
VSRAM[1]=0000

--- HINT Queue State ---
HINT_Q_COUNT=00
HINT_Q0_CTR=27
HINT_Q0_VSRAM=0010
HINT_PEND_SPLIT=00
PPU_SCRL_X=00
PPU_SCRL_Y=08
