system=NES frame=2243
phase=FF subphase=FF curV=FF ciram=CIRAM (nametables) palram=PALRAM
palram 0..31:
  0F 30 30 30 0F 21 30 30 0F 16 30 30 0F 29 1A 09 00 29 37 17 00 02 22 30 00 16 27 30 00 0B 1B 2B 
nametable top rows:
  row00: 24 24 24 24 24 24 24 24 24 24 24 24 24 24 24 24 24 24 24 24 24 24 24 24 24 24 24 24 24 24 24 24
  row01: 24 24 24 24 24 24 24 24 24 24 24 24 24 24 24 24 24 24 24 24 24 24 24 24 24 24 24 24 24 24 24 24
  row02: 24 24 24 24 24 24 24 24 24 24 24 24 24 24 24 24 24 24 24 24 24 24 24 24 24 24 24 24 24 24 24 24
  row03: 24 24 24 24 24 24 24 24 24 24 24 24 24 24 24 24 24 24 24 24 24 24 24 24 24 24 24 24 24 24 24 24
  row04: 24 24 24 24 24 24 24 24 24 24 24 24 24 24 24 24 24 24 24 24 24 24 24 24 24 24 24 24 24 24 24 24
  row05: 24 24 24 24 24 24 24 24 24 24 24 24 24 24 24 24 24 24 24 24 24 24 24 24 24 24 24 24 24 24 24 24
attr bytes 2BC0..2BFF:
  00 00 00 00 00 00 00 00 00 00 00 00 00 00 00 00 
  FF FF 00 00 00 00 FF FF 00 00 00 00 00 00 00 00 
  00 00 00 00 00 00 00 00 00 00 00 00 00 00 00 00 
  00 00 00 00 00 00 00 00 00 00 00 00 00 00 00 00 
  
