label=gen frame=2310
row30: 6124 6124 6124 6124 6124 6124 6124 6124 6124 6124 6124 6124 6124 6124 6124 6124 6124 6124 6124 6124 6124 6124 6124 6124 6124 6124 6124 6124 6124 6124 6124 6124
row31: 6124 6124 6124 6124 6124 6124 6124 6124 6124 6124 6124 6124 6124 6124 6124 6124 6124 6124 6124 6124 6124 6124 6124 6124 6124 6124 6124 6124 6124 6124 6124 6124
row32: 0124 0124 0124 0124 0124 0124 0124 0124 0124 0124 0124 0124 0124 0124 0124 0124 0124 0124 0124 0124 0124 0124 0124 0124 0124 0124 0124 0124 0124 0124 0124 0124
row33: 0124 0124 0124 0124 0124 0124 0124 0124 0124 0124 0124 0124 0124 0124 0124 0124 0124 0124 0124 0124 0124 0124 0124 0124 0124 0124 0124 0124 0124 0124 0124 0124
row34: 0124 0124 0124 0124 0124 0124 0124 0124 0124 0124 0124 0124 0124 0124 0124 0124 0124 0124 0124 0124 0124 0124 0124 0124 0124 0124 0124 0124 0124 0124 0124 0124
row35: 0124 0124 0124 0124 0124 0124 0124 0124 0124 0124 0124 0124 0124 0124 0124 0124 0124 0124 0124 0124 0124 0124 0124 0124 0124 0124 0124 0124 0124 0124 0124 0124
row36: 0124 0124 0124 0124 0124 0124 0124 0124 0124 0124 0124 0124 0124 0124 0124 0124 0124 0124 0124 0124 0124 0124 0124 0124 0124 0124 0124 0124 0124 0124 0124 0124
row37: 0124 0124 0124 0124 0124 0124 0124 0124 0124 0124 0124 0124 0124 0124 0124 0124 0124 0124 0124 0124 0124 0124 0124 0124 0124 0124 0124 0124 0124 0124 0124 0124
row38: 01E4 01E5 01E4 01E5 01E4 01E5 01E6 0124 010A 0115 0115 0124 0118 010F 0124 011D 011B 010E 010A 011C 011E 011B 010E 011C 0124 01E6 01E4 01E5 01E4 01E5 01E4 01E5
row39: 0124 0124 0124 0124 0124 0124 0124 0124 0124 0124 0124 0124 0124 0124 0124 0124 0124 0124 0124 0124 0124 0124 0124 0124 0124 0124 0124 0124 0124 0124 0124 0124
row40: 0124 0124 0124 0124 0124 0124 0124 0124 0124 0124 0124 0124 0124 0124 0124 0124 0124 0124 0124 0124 0124 0124 0124 0124 0124 0124 0124 0124 0124 0124 0124 0124
row41: 0124 0124 0124 0124 0124 0124 0124 0124 0124 0124 0124 0124 0124 0124 0124 0124 0124 0124 0124 0124 0124 0124 0124 0124 0124 0124 0124 0124 0124 0124 0124 0124
row42: 0124 0124 0124 0124 0124 0124 0124 0124 0124 0124 0124 0124 0124 0124 0124 0124 0124 0124 0124 0124 0124 0124 0124 0124 0124 0124 0124 0124 0124 0124 0124 0124
row43: 0124 0124 0124 0124 0124 0124 0124 0124 0124 0124 0124 0124 0124 0124 0124 0124 0124 0124 0124 0124 0124 0124 0124 0124 0124 0124 0124 0124 0124 0124 0124 0124
row44: 0124 0124 0124 0124 0124 0124 0124 0124 0124 0124 0124 0124 0124 0124 0124 0124 0124 0124 0124 0124 0124 0124 0124 0124 0124 0124 0124 0124 0124 0124 0124 0124
row45: 0124 0124 0124 0124 0124 0124 0124 0124 0124 0124 0124 0124 0124 0124 0124 0124 0124 0124 0124 0124 0124 0124 0124 0124 0124 0124 0124 0124 0124 0124 0124 0124
row46: 0124 0124 0124 0124 0124 0124 0124 0124 0124 0124 0124 0124 0124 0124 0124 0124 0124 0124 0124 0124 0124 0124 0124 0124 0124 0124 0124 0124 0124 0124 0124 0124
row47: 0124 0124 0124 0124 0124 0124 0124 0111 010E 010A 011B 011D 0124 0124 0124 0124 0124 010C 0118 0117 011D 010A 0112 0117 010E 011B 0124 0124 0124 0124 0124 0124
row48: 0124 0124 0124 0124 0124 0124 0124 0124 0124 0124 0124 0124 0124 0124 0124 0124 0124 0124 0124 0124 0111 010E 010A 011B 011D 0124 0124 0124 0124 0124 0124 0124
row49: 0124 0124 0124 0124 0124 0124 0124 0124 0124 0124 0124 0124 0124 0124 0124 0124 0124 0124 0124 0124 0124 0124 0124 0124 0124 0124 0124 0124 0124 0124 0124 0124
row50: 0124 0124 0124 0124 0124 0124 0124 0124 0124 0124 0124 0124 0124 0124 0124 0124 0124 0124 0124 0124 0124 0124 0124 0124 0124 0124 0124 0124 0124 0124 0124 0124
row51: 0124 0124 0124 0124 0124 0124 0124 0124 0124 0124 0124 0124 0124 0124 0124 0124 0124 0124 0124 0124 0124 0124 0124 0124 0124 0124 0124 0124 0124 0124 0124 0124
row52: 0124 0124 0124 0124 0124 0124 0124 0124 0124 0124 0124 0124 0124 0124 0124 0124 0124 0124 0124 0124 0124 0124 0124 0124 0124 0124 0124 0124 0124 0124 0124 0124
row53: 0124 0124 0124 0124 0124 0124 0124 0124 0124 0124 0124 0124 0124 0124 0124 0124 0124 0124 0124 0124 0124 0124 0124 0124 0124 0124 0124 0124 0124 0124 0124 0124
row54: 0124 0124 0124 0124 0124 0124 0124 0124 0124 0124 0124 0124 0124 0124 0124 0124 0124 0124 0124 0124 0124 0124 0124 0124 0124 0124 0124 0124 0124 0124 0124 0124
row55: 0124 0124 0124 0124 0124 0124 0124 010F 010A 0112 011B 0122 0124 0124 0124 0124 0124 0124 0124 0124 010C 0115 0118 010C 0114 0124 0124 0124 0124 0124 0124 0124
row56: 0124 0124 0124 0124 0124 0124 0124 0124 0124 0124 0124 0124 0124 0124 0124 0124 0124 0124 0124 0124 0124 0124 0124 0124 0124 0124 0124 0124 0124 0124 0124 0124
row57: 0124 0124 0124 0124 0124 0124 0124 0124 0124 0124 0124 0124 0124 0124 0124 0124 0124 0124 0124 0124 0124 0124 0124 0124 0124 0124 0124 0124 0124 0124 0124 0124
row58: 0124 0124 0124 0124 0124 0124 0124 0124 0124 0124 0124 0124 0124 0124 0124 0124 0124 0124 0124 0124 0124 0124 0124 0124 0124 0124 0124 0124 0124 0124 0124 0124
row59: 0124 0124 0124 0124 0124 0124 0124 0124 0124 0124 0124 0124 0124 0124 0124 0124 0124 0124 0124 0124 0124 0124 0124 0124 0124 0124 0124 0124 0124 0124 0124 0124
CRAM: 0000 0EEE 0EEE 0EEE 0000 0000 0000 0000 0000 0000 0000 0000 0000 0000 0000 0000
      0000 0EA4 0EEE 0EEE 0000 0000 0000 0000 0000 0000 0000 0000 0000 0000 0000 0000
      0000 004A 048E 0EEE 0000 0000 0000 0000 0000 0000 0000 0000 0000 0000 0000 0000
      0000 0040 04A0 08E4 0000 0000 0000 0000 0000 0000 0000 0000 0000 0000 0000 0000
     
VSRAM: 0158 0000 0000 0000
NES[FC]=40 [FF]=B2 [42C]=01 [42D]=02
