# frame,gameMode,phase,subphase,curV,ppuCtrl,switchReq
1,00,00,00,00,00,00
22,00,00,00,00,30,00
24,00,00,00,00,B0,00
26,00,00,00,00,30,00
37,00,00,02,00,B0,00
38,00,00,00,00,B0,00
39,00,00,00,00,30,00
45,00,00,00,00,B0,00
554,00,00,01,00,B0,00
989,00,01,00,00,B0,00
990,00,01,00,00,30,00
991,00,01,01,00,30,00
992,00,01,02,00,30,00
993,00,01,00,10,32,01
1000,00,01,00,11,B2,00
1002,00,01,00,12,B2,00
1004,00,01,00,13,B2,00
1006,00,01,00,14,B2,00
1008,00,01,00,15,B2,00
1010,00,01,00,16,B2,00
1012,00,01,00,17,B2,00
1014,00,01,00,18,B2,00
1016,00,01,00,19,B2,00
1018,00,01,00,1A,B2,00
1020,00,01,00,1B,B2,00
1022,00,01,00,1C,B2,00
1024,00,01,00,1D,B2,00
1026,00,01,00,1E,B2,00
1028,00,01,00,1F,B2,00
1030,00,01,00,20,B2,00
1032,00,01,00,21,B2,00
1034,00,01,00,22,B2,00
1036,00,01,00,23,B2,00
1038,00,01,00,24,B2,00
1040,00,01,00,25,B2,00
1042,00,01,00,26,B2,00
1044,00,01,00,27,B2,00
1046,00,01,00,28,B2,00
1048,00,01,00,29,B2,00
1050,00,01,00,2A,B2,00
1052,00,01,00,2B,B2,00
1054,00,01,00,2C,B2,00
1056,00,01,00,2D,B2,00
1058,00,01,00,2E,B2,00
1060,00,01,00,2F,B2,00
1062,00,01,00,30,B2,00
1064,00,01,00,31,B2,00
1066,00,01,00,32,B2,00
1068,00,01,00,33,B2,00
1070,00,01,00,34,B2,00
1072,00,01,00,35,B2,00
1074,00,01,00,36,B2,00
1076,00,01,00,37,B2,00
1078,00,01,00,38,B2,00
1080,00,01,00,39,B2,00
1082,00,01,00,3A,B2,00
1084,00,01,00,3B,B2,00
1086,00,01,00,3C,B2,00
1088,00,01,00,3D,B2,00
1090,00,01,00,3E,B2,00
1092,00,01,00,3F,B2,00
1094,00,01,00,40,B2,00
1096,00,01,00,41,B2,00
1098,00,01,00,42,B2,00
1100,00,01,00,43,B2,00
1102,00,01,00,44,B2,00
1104,00,01,00,45,B2,00
1106,00,01,00,46,B2,00
1108,00,01,00,47,B2,00
1110,00,01,00,48,B2,00
1112,00,01,00,49,B2,00
1114,00,01,00,4A,B2,00
1116,00,01,00,4B,B2,00
1118,00,01,00,4C,B2,00
1120,00,01,00,4D,B2,00
1122,00,01,00,4E,B2,00
1124,00,01,00,4F,B2,00
1126,00,01,00,50,B2,00
1128,00,01,00,51,B2,00
1130,00,01,00,52,B2,00
1132,00,01,00,53,B2,00
1134,00,01,00,54,B2,00
1136,00,01,00,55,B2,00
1138,00,01,00,56,B2,00
1140,00,01,00,57,B2,00
1142,00,01,00,58,B2,00
1144,00,01,00,59,B2,00
1146,00,01,00,5A,B2,00
1148,00,01,00,5B,B2,00
1150,00,01,00,5C,B2,00
1152,00,01,00,5D,B2,00
1154,00,01,00,5E,B2,00
1156,00,01,00,5F,B2,00
1158,00,01,00,60,B2,00
1160,00,01,00,61,B2,00
1162,00,01,00,62,B2,00
1164,00,01,00,63,B2,00
1166,00,01,00,64,B2,00
1168,00,01,00,65,B2,00
1170,00,01,00,66,B2,00
1172,00,01,00,67,B2,00
1174,00,01,00,68,B2,00
1176,00,01,00,69,B2,00
1178,00,01,00,6A,B2,00
1180,00,01,00,6B,B2,00
1182,00,01,00,6C,B2,00
1184,00,01,00,6D,B2,00
1186,00,01,00,6E,B2,00
1188,00,01,00,6F,B2,00
1190,00,01,00,70,B2,00
1192,00,01,00,71,B2,00
1194,00,01,00,72,B2,00
1196,00,01,00,73,B2,00
1198,00,01,00,74,B2,00
1200,00,01,00,75,B2,00
1202,00,01,00,76,B2,00
1204,00,01,00,77,B2,00
1206,00,01,00,78,B2,00
1208,00,01,00,79,B2,00
1210,00,01,00,7A,B2,00
1212,00,01,00,7B,B2,00
1214,00,01,00,7C,B2,00
1216,00,01,00,7D,B2,00
1218,00,01,00,7E,B2,00
1220,00,01,00,7F,B2,00
1222,00,01,00,80,B2,00
1224,00,01,00,81,B2,00
1226,00,01,00,82,B2,00
1228,00,01,00,83,B2,00
1230,00,01,00,84,B2,00
1232,00,01,00,85,B2,00
1234,00,01,00,86,B2,00
1236,00,01,00,87,B2,00
1238,00,01,00,88,B2,00
1240,00,01,00,89,B2,00
1242,00,01,00,8A,B2,00
1244,00,01,00,8B,B2,00
1246,00,01,00,8C,B2,00
1248,00,01,00,8D,B2,00
1250,00,01,00,8E,B2,00
1252,00,01,00,8F,B2,00
1254,00,01,00,90,B2,00
1256,00,01,00,91,B2,00
1258,00,01,00,92,B2,00
1260,00,01,00,93,B2,00
1262,00,01,00,94,B2,00
1264,00,01,00,95,B2,00
1266,00,01,00,96,B2,00
1268,00,01,00,97,B2,00
1270,00,01,00,98,B2,00
1272,00,01,00,99,B2,00
1274,00,01,00,9A,B2,00
1276,00,01,00,9B,B2,00
1278,00,01,00,9C,B2,00
1280,00,01,00,9D,B2,00
1282,00,01,00,9E,B2,00
1284,00,01,00,9F,B2,00
1286,00,01,00,A0,B2,00
1288,00,01,00,A1,B2,00
1290,00,01,00,A2,B2,00
1292,00,01,00,A3,B2,00
1294,00,01,00,A4,B2,00
1296,00,01,00,A5,B2,00
1298,00,01,00,A6,B2,00
1300,00,01,00,A7,B2,00
1302,00,01,00,A8,B2,00
1304,00,01,00,A9,B2,00
1306,00,01,00,AA,B2,00
1308,00,01,00,AB,B2,00
1310,00,01,00,AC,B2,00
1312,00,01,00,AD,B2,00
1314,00,01,00,AE,B2,00
1316,00,01,00,AF,B2,00
1318,00,01,00,B0,B2,00
1320,00,01,00,B1,B2,00
1322,00,01,00,B2,B2,00
1324,00,01,00,B3,B2,00
1326,00,01,00,B4,B2,00
1328,00,01,00,B5,B2,00
1330,00,01,00,B6,B2,00
1332,00,01,00,B7,B2,00
1334,00,01,00,B8,B2,00
1336,00,01,00,B9,B2,00
1338,00,01,00,BA,B2,00
1340,00,01,00,BB,B2,00
1342,00,01,00,BC,B2,00
1344,00,01,00,BD,B2,00
1346,00,01,00,BE,B2,00
1348,00,01,00,BF,B2,00
1350,00,01,00,C0,B2,00
1352,00,01,00,C1,B2,00
1354,00,01,00,C2,B2,00
1356,00,01,00,C3,B2,00
1358,00,01,00,C4,B2,00
1360,00,01,00,C5,B2,00
1362,00,01,00,C6,B2,00
1364,00,01,00,C7,B2,00
1366,00,01,00,C8,B2,00
1368,00,01,00,C9,B2,00
1370,00,01,00,CA,B2,00
1372,00,01,00,CB,B2,00
1374,00,01,00,CC,B2,00
1376,00,01,00,CD,B2,00
1378,00,01,00,CE,B2,00
1380,00,01,00,CF,B2,00
1382,00,01,00,D0,B2,00
1384,00,01,00,D1,B2,00
1386,00,01,00,D2,B2,00
1388,00,01,00,D3,B2,00
1390,00,01,00,D4,B2,00
1392,00,01,00,D5,B2,00
1394,00,01,00,D6,B2,00
1396,00,01,00,D7,B2,00
1398,00,01,00,D8,B2,00
1400,00,01,00,D9,B2,00
1402,00,01,00,DA,B2,00
1404,00,01,00,DB,B2,00
1406,00,01,00,DC,B2,00
1408,00,01,00,DD,B2,00
1410,00,01,00,DE,B2,00
1412,00,01,00,DF,B2,00
1414,00,01,00,E0,B2,00
1416,00,01,00,E1,B2,00
1418,00,01,00,E2,B2,00
1420,00,01,00,E3,B2,00
1422,00,01,00,E4,B2,00
1424,00,01,00,E5,B2,00
1426,00,01,00,E6,B2,00
1428,00,01,00,E7,B2,00
1430,00,01,00,E8,B2,00
1432,00,01,00,E9,B2,00
1434,00,01,00,EA,B2,00
1436,00,01,00,EB,B2,00
1438,00,01,00,EC,B2,00
1440,00,01,00,ED,B2,00
1442,00,01,00,EE,B2,00
1444,00,01,00,EF,B2,00
1446,00,01,00,00,B2,01
1447,00,01,00,00,B0,00
1448,00,01,00,01,B0,00
1450,00,01,00,02,B0,00
1452,00,01,00,03,B0,00
1454,00,01,00,04,B0,00
1456,00,01,00,05,B0,00
1458,00,01,00,06,B0,00
1460,00,01,00,07,B0,00
1462,00,01,01,08,B0,00
1718,00,01,02,08,B0,00
1720,00,01,02,09,B0,00
1722,00,01,02,0A,B0,00
1724,00,01,02,0B,B0,00
1726,00,01,02,0C,B0,00
1728,00,01,02,0D,B0,00
1730,00,01,02,0E,B0,00
1732,00,01,02,0F,B0,00
1734,00,01,02,10,B0,00
1736,00,01,02,11,B0,00
1738,00,01,02,12,B0,00
1740,00,01,02,13,B0,00
1742,00,01,02,14,B0,00
1744,00,01,02,15,B0,00
1746,00,01,02,16,B0,00
1748,00,01,02,17,B0,00
1750,00,01,02,18,B0,00
1752,00,01,02,19,B0,00
1754,00,01,02,1A,B0,00
1756,00,01,02,1B,B0,00
1758,00,01,02,1C,B0,00
1760,00,01,02,1D,B0,00
1762,00,01,02,1E,B0,00
1764,00,01,02,1F,B0,00
1766,00,01,02,20,B0,00
1768,00,01,02,21,B0,00
1770,00,01,02,22,B0,00
1772,00,01,02,23,B0,00
1774,00,01,02,24,B0,00
1776,00,01,02,25,B0,00
1778,00,01,02,26,B0,00
1780,00,01,02,27,B0,00
1782,00,01,02,28,B0,00
1784,00,01,02,29,B0,00
1786,00,01,02,2A,B0,00
1788,00,01,02,2B,B0,00
1790,00,01,02,2C,B0,00
1792,00,01,02,2D,B0,00
1794,00,01,02,2E,B0,00
1796,00,01,02,2F,B0,00
1798,00,01,02,30,B0,00
1800,00,01,02,31,B0,00
1802,00,01,02,32,B0,00
1804,00,01,02,33,B0,00
1806,00,01,02,34,B0,00
1808,00,01,02,35,B0,00
1810,00,01,02,36,B0,00
1812,00,01,02,37,B0,00
1814,00,01,02,38,B0,00
1816,00,01,02,39,B0,00
1818,00,01,02,3A,B0,00
1820,00,01,02,3B,B0,00
1822,00,01,02,3C,B0,00
1824,00,01,02,3D,B0,00
1826,00,01,02,3E,B0,00
1828,00,01,02,3F,B0,00
1830,00,01,02,40,B0,00
1832,00,01,02,41,B0,00
1834,00,01,02,42,B0,00
1836,00,01,02,43,B0,00
1838,00,01,02,44,B0,00
1840,00,01,02,45,B0,00
1842,00,01,02,46,B0,00
1844,00,01,02,47,B0,00
1846,00,01,02,48,B0,00
1848,00,01,02,49,B0,00
1850,00,01,02,4A,B0,00
1852,00,01,02,4B,B0,00
1854,00,01,02,4C,B0,00
1856,00,01,02,4D,B0,00
1858,00,01,02,4E,B0,00
1860,00,01,02,4F,B0,00
1862,00,01,02,50,B0,00
1864,00,01,02,51,B0,00
1866,00,01,02,52,B0,00
1868,00,01,02,53,B0,00
1870,00,01,02,54,B0,00
1872,00,01,02,55,B0,00
1874,00,01,02,56,B0,00
1876,00,01,02,57,B0,00
1878,00,01,02,58,B0,00
1880,00,01,02,59,B0,00
1882,00,01,02,5A,B0,00
1884,00,01,02,5B,B0,00
1886,00,01,02,5C,B0,00
1888,00,01,02,5D,B0,00
1890,00,01,02,5E,B0,00
1892,00,01,02,5F,B0,00
1894,00,01,02,60,B0,00
1896,00,01,02,61,B0,00
1898,00,01,02,62,B0,00
1900,00,01,02,63,B0,00
1902,00,01,02,64,B0,00
1904,00,01,02,65,B0,00
1906,00,01,02,66,B0,00
1908,00,01,02,67,B0,00
1910,00,01,02,68,B0,00
1912,00,01,02,69,B0,00
1914,00,01,02,6A,B0,00
1916,00,01,02,6B,B0,00
1918,00,01,02,6C,B0,00
1920,00,01,02,6D,B0,00
1922,00,01,02,6E,B0,00
1924,00,01,02,6F,B0,00
1926,00,01,02,70,B0,00
1928,00,01,02,71,B0,00
1930,00,01,02,72,B0,00
1932,00,01,02,73,B0,00
1934,00,01,02,74,B0,00
1936,00,01,02,75,B0,00
1938,00,01,02,76,B0,00
1940,00,01,02,77,B0,00
1942,00,01,02,78,B0,00
1944,00,01,02,79,B0,00
1946,00,01,02,7A,B0,00
1948,00,01,02,7B,B0,00
1950,00,01,02,7C,B0,00
1952,00,01,02,7D,B0,00
1954,00,01,02,7E,B0,00
1956,00,01,02,7F,B0,00
1958,00,01,02,80,B0,00
1960,00,01,02,81,B0,00
1962,00,01,02,82,B0,00
1964,00,01,02,83,B0,00
1966,00,01,02,84,B0,00
1968,00,01,02,85,B0,00
1970,00,01,02,86,B0,00
1972,00,01,02,87,B0,00
1974,00,01,02,88,B0,00
1976,00,01,02,89,B0,00
1978,00,01,02,8A,B0,00
1980,00,01,02,8B,B0,00
1982,00,01,02,8C,B0,00
1984,00,01,02,8D,B0,00
1986,00,01,02,8E,B0,00
1988,00,01,02,8F,B0,00
1990,00,01,02,90,B0,00
1992,00,01,02,91,B0,00
1994,00,01,02,92,B0,00
1996,00,01,02,93,B0,00
1998,00,01,02,94,B0,00
2000,00,01,02,95,B0,00
2002,00,01,02,96,B0,00
2004,00,01,02,97,B0,00
2006,00,01,02,98,B0,00
2008,00,01,02,99,B0,00
2010,00,01,02,9A,B0,00
2012,00,01,02,9B,B0,00
2014,00,01,02,9C,B0,00
2016,00,01,02,9D,B0,00
2018,00,01,02,9E,B0,00
2020,00,01,02,9F,B0,00
2022,00,01,02,A0,B0,00
2024,00,01,02,A1,B0,00
2026,00,01,02,A2,B0,00
2028,00,01,02,A3,B0,00
2030,00,01,02,A4,B0,00
2032,00,01,02,A5,B0,00
2034,00,01,02,A6,B0,00
2036,00,01,02,A7,B0,00
2038,00,01,02,A8,B0,00
2040,00,01,02,A9,B0,00
2042,00,01,02,AA,B0,00
2044,00,01,02,AB,B0,00
2046,00,01,02,AC,B0,00
2048,00,01,02,AD,B0,00
2050,00,01,02,AE,B0,00
2052,00,01,02,AF,B0,00
2054,00,01,02,B0,B0,00
2056,00,01,02,B1,B0,00
2058,00,01,02,B2,B0,00
2060,00,01,02,B3,B0,00
2062,00,01,02,B4,B0,00
2064,00,01,02,B5,B0,00
2066,00,01,02,B6,B0,00
2068,00,01,02,B7,B0,00
2070,00,01,02,B8,B0,00
2072,00,01,02,B9,B0,00
2074,00,01,02,BA,B0,00
2076,00,01,02,BB,B0,00
2078,00,01,02,BC,B0,00
2080,00,01,02,BD,B0,00
2082,00,01,02,BE,B0,00
2084,00,01,02,BF,B0,00
2086,00,01,02,C0,B0,00
2088,00,01,02,C1,B0,00
2090,00,01,02,C2,B0,00
2092,00,01,02,C3,B0,00
2094,00,01,02,C4,B0,00
2096,00,01,02,C5,B0,00
2098,00,01,02,C6,B0,00
2100,00,01,02,C7,B0,00
2102,00,01,02,C8,B0,00
2104,00,01,02,C9,B0,00
2106,00,01,02,CA,B0,00
2108,00,01,02,CB,B0,00
2110,00,01,02,CC,B0,00
2112,00,01,02,CD,B0,00
2114,00,01,02,CE,B0,00
2116,00,01,02,CF,B0,00
2118,00,01,02,D0,B0,00
2120,00,01,02,D1,B0,00
2122,00,01,02,D2,B0,00
2124,00,01,02,D3,B0,00
2126,00,01,02,D4,B0,00
2128,00,01,02,D5,B0,00
2130,00,01,02,D6,B0,00
2132,00,01,02,D7,B0,00
2134,00,01,02,D8,B0,00
2135,00,01,02,D8,30,00
2136,00,01,02,D9,B0,00
2138,00,01,02,DA,B0,00
2140,00,01,02,DB,B0,00
2142,00,01,02,DC,B0,00
2144,00,01,02,DD,B0,00
2146,00,01,02,DE,B0,00
2148,00,01,02,DF,B0,00
2150,00,01,02,E0,B0,00
2152,00,01,02,E1,B0,00
2154,00,01,02,E2,B0,00
2156,00,01,02,E3,B0,00
2158,00,01,02,E4,B0,00
2160,00,01,02,E5,B0,00
2162,00,01,02,E6,B0,00
2164,00,01,02,E7,B0,00
2166,00,01,02,E8,B0,00
2168,00,01,02,E9,B0,00
2170,00,01,02,EA,B0,00
2172,00,01,02,EB,B0,00
2174,00,01,02,EC,B0,00
2176,00,01,02,ED,B0,00
2178,00,01,02,EE,B0,00
2180,00,01,02,EF,B0,00
2182,00,01,02,00,B0,01
2183,00,01,02,00,32,00
2184,00,01,02,01,B2,00
2186,00,01,02,02,B2,00
2188,00,01,02,03,B2,00
2190,00,01,02,04,B2,00
2192,00,01,02,05,B2,00
2194,00,01,02,06,B2,00
2196,00,01,02,07,B2,00
2198,00,01,02,08,B2,00
2200,00,01,02,09,B2,00
2202,00,01,02,0A,B2,00
2204,00,01,02,0B,B2,00
2206,00,01,02,0C,B2,00
2208,00,01,02,0D,B2,00
2210,00,01,02,0E,B2,00
2212,00,01,02,0F,B2,00
2214,00,01,02,10,B2,00
2215,00,01,02,10,32,00
2216,00,01,02,11,B2,00
2218,00,01,02,12,B2,00
2220,00,01,02,13,B2,00
2222,00,01,02,14,B2,00
2224,00,01,02,15,B2,00
2226,00,01,02,16,B2,00
2228,00,01,02,17,B2,00
2230,00,01,02,18,B2,00
2232,00,01,02,19,B2,00
2234,00,01,02,1A,B2,00
2236,00,01,02,1B,B2,00
2238,00,01,02,1C,B2,00
2240,00,01,02,1D,B2,00
2242,00,01,02,1E,B2,00
2244,00,01,02,1F,B2,00
2246,00,01,02,20,B2,00
2248,00,01,02,21,B2,00
2250,00,01,02,22,B2,00
2252,00,01,02,23,B2,00
2254,00,01,02,24,B2,00
2256,00,01,02,25,B2,00
2258,00,01,02,26,B2,00
2260,00,01,02,27,B2,00
2262,00,01,02,28,B2,00
2263,00,01,02,28,32,00
2264,00,01,02,29,B2,00
2266,00,01,02,2A,B2,00
2268,00,01,02,2B,B2,00
2270,00,01,02,2C,B2,00
2272,00,01,02,2D,B2,00
2274,00,01,02,2E,B2,00
2276,00,01,02,2F,B2,00
2278,00,01,02,30,B2,00
2280,00,01,02,31,B2,00
2282,00,01,02,32,B2,00
2284,00,01,02,33,B2,00
2286,00,01,02,34,B2,00
2288,00,01,02,35,B2,00
2290,00,01,02,36,B2,00
2292,00,01,02,37,B2,00
2294,00,01,02,38,B2,00
2296,00,01,02,39,B2,00
2298,00,01,02,3A,B2,00
2300,00,01,02,3B,B2,00
2302,00,01,02,3C,B2,00
2304,00,01,02,3D,B2,00
2306,00,01,02,3E,B2,00
2308,00,01,02,3F,B2,00
2310,00,01,02,40,B2,00
2312,00,01,02,41,B2,00
2314,00,01,02,42,B2,00
2316,00,01,02,43,B2,00
2318,00,01,02,44,B2,00
2320,00,01,02,45,B2,00
2322,00,01,02,46,B2,00
2324,00,01,02,47,B2,00
2326,00,01,02,48,B2,00
2328,00,01,02,49,B2,00
2330,00,01,02,4A,B2,00
2332,00,01,02,4B,B2,00
2334,00,01,02,4C,B2,00
2336,00,01,02,4D,B2,00
2338,00,01,02,4E,B2,00
2340,00,01,02,4F,B2,00
2342,00,01,02,50,B2,00
2343,00,01,02,50,32,00
2344,00,01,02,51,B2,00
2346,00,01,02,52,B2,00
2348,00,01,02,53,B2,00
2350,00,01,02,54,B2,00
2352,00,01,02,55,B2,00
2354,00,01,02,56,B2,00
2356,00,01,02,57,B2,00
2358,00,01,02,58,B2,00
2360,00,01,02,59,B2,00
2362,00,01,02,5A,B2,00
2364,00,01,02,5B,B2,00
2366,00,01,02,5C,B2,00
2368,00,01,02,5D,B2,00
2370,00,01,02,5E,B2,00
2372,00,01,02,5F,B2,00
2374,00,01,02,60,B2,00
2376,00,01,02,61,B2,00
2378,00,01,02,62,B2,00
2380,00,01,02,63,B2,00
2382,00,01,02,64,B2,00
2384,00,01,02,65,B2,00
2386,00,01,02,66,B2,00
2388,00,01,02,67,B2,00
2390,00,01,02,68,B2,00
2391,00,01,02,68,32,00
2392,00,01,02,69,B2,00
2394,00,01,02,6A,B2,00
2396,00,01,02,6B,B2,00
2398,00,01,02,6C,B2,00
2400,00,01,02,6D,B2,00
2402,00,01,02,6E,B2,00
2404,00,01,02,6F,B2,00
2406,00,01,02,70,B2,00
2408,00,01,02,71,B2,00
2410,00,01,02,72,B2,00
2412,00,01,02,73,B2,00
2414,00,01,02,74,B2,00
2416,00,01,02,75,B2,00
2418,00,01,02,76,B2,00
2420,00,01,02,77,B2,00
2422,00,01,02,78,B2,00
2424,00,01,02,79,B2,00
2426,00,01,02,7A,B2,00
2428,00,01,02,7B,B2,00
2430,00,01,02,7C,B2,00
2432,00,01,02,7D,B2,00
2434,00,01,02,7E,B2,00
2436,00,01,02,7F,B2,00
2438,00,01,02,80,B2,00
2440,00,01,02,81,B2,00
2442,00,01,02,82,B2,00
2444,00,01,02,83,B2,00
2446,00,01,02,84,B2,00
2448,00,01,02,85,B2,00
2450,00,01,02,86,B2,00
2452,00,01,02,87,B2,00
2454,00,01,02,88,B2,00
2456,00,01,02,89,B2,00
2458,00,01,02,8A,B2,00
2460,00,01,02,8B,B2,00
2462,00,01,02,8C,B2,00
2464,00,01,02,8D,B2,00
2466,00,01,02,8E,B2,00
2468,00,01,02,8F,B2,00
2470,00,01,02,90,B2,00
2471,00,01,02,90,32,00
2472,00,01,02,91,B2,00
2474,00,01,02,92,B2,00
2476,00,01,02,93,B2,00
2478,00,01,02,94,B2,00
2480,00,01,02,95,B2,00
2482,00,01,02,96,B2,00
2484,00,01,02,97,B2,00
2486,00,01,02,98,B2,00
2488,00,01,02,99,B2,00
2490,00,01,02,9A,B2,00
2492,00,01,02,9B,B2,00
2494,00,01,02,9C,B2,00
2496,00,01,02,9D,B2,00
2498,00,01,02,9E,B2,00
2500,00,01,02,9F,B2,00
2502,00,01,02,A0,B2,00
2503,00,01,02,A0,32,00
2504,00,01,02,A1,B2,00
2506,00,01,02,A2,B2,00
2508,00,01,02,A3,B2,00
2510,00,01,02,A4,B2,00
2512,00,01,02,A5,B2,00
2514,00,01,02,A6,B2,00
2516,00,01,02,A7,B2,00
2518,00,01,02,A8,B2,00
2520,00,01,02,A9,B2,00
2522,00,01,02,AA,B2,00
2524,00,01,02,AB,B2,00
2526,00,01,02,AC,B2,00
2528,00,01,02,AD,B2,00
2530,00,01,02,AE,B2,00
2532,00,01,02,AF,B2,00
2534,00,01,02,B0,B2,00
2536,00,01,02,B1,B2,00
2538,00,01,02,B2,B2,00
2540,00,01,02,B3,B2,00
2542,00,01,02,B4,B2,00
2544,00,01,02,B5,B2,00
2546,00,01,02,B6,B2,00
2548,00,01,02,B7,B2,00
2550,00,01,02,B8,B2,00
2552,00,01,02,B9,B2,00
2554,00,01,02,BA,B2,00
2556,00,01,02,BB,B2,00
2558,00,01,02,BC,B2,00
2560,00,01,02,BD,B2,00
2562,00,01,02,BE,B2,00
2564,00,01,02,BF,B2,00
2566,00,01,02,C0,B2,00
2568,00,01,02,C1,B2,00
2570,00,01,02,C2,B2,00
2572,00,01,02,C3,B2,00
2574,00,01,02,C4,B2,00
2576,00,01,02,C5,B2,00
2578,00,01,02,C6,B2,00
2580,00,01,02,C7,B2,00
2582,00,01,02,C8,B2,00
2584,00,01,02,C9,B2,00
2586,00,01,02,CA,B2,00
2588,00,01,02,CB,B2,00
2590,00,01,02,CC,B2,00
2592,00,01,02,CD,B2,00
2594,00,01,02,CE,B2,00
2596,00,01,02,CF,B2,00
2598,00,01,02,D0,B2,00
2599,00,01,02,D0,32,00
2600,00,01,02,D1,B2,00
2602,00,01,02,D2,B2,00
2604,00,01,02,D3,B2,00
2606,00,01,02,D4,B2,00
2608,00,01,02,D5,B2,00
2610,00,01,02,D6,B2,00
2612,00,01,02,D7,B2,00
2614,00,01,02,D8,B2,00
2616,00,01,02,D9,B2,00
2618,00,01,02,DA,B2,00
2620,00,01,02,DB,B2,00
2622,00,01,02,DC,B2,00
2624,00,01,02,DD,B2,00
2626,00,01,02,DE,B2,00
2628,00,01,02,DF,B2,00
2630,00,01,02,E0,B2,00
2631,00,01,02,E0,32,00
2632,00,01,02,E1,B2,00
2634,00,01,02,E2,B2,00
2636,00,01,02,E3,B2,00
2638,00,01,02,E4,B2,00
2640,00,01,02,E5,B2,00
2642,00,01,02,E6,B2,00
2644,00,01,02,E7,B2,00
2646,00,01,02,E8,B2,00
2648,00,01,02,E9,B2,00
2650,00,01,02,EA,B2,00
2652,00,01,02,EB,B2,00
2654,00,01,02,EC,B2,00
2656,00,01,02,ED,B2,00
2658,00,01,02,EE,B2,00
2660,00,01,02,EF,B2,00
2662,00,01,02,00,B2,01
2663,00,01,02,00,B0,00
2664,00,01,02,01,B0,00
2666,00,01,02,02,B0,00
2668,00,01,02,03,B0,00
2670,00,01,02,04,B0,00
2672,00,01,02,05,B0,00
2674,00,01,02,06,B0,00
2676,00,01,02,07,B0,00
2678,00,01,02,08,B0,00
2680,00,01,02,09,B0,00
2682,00,01,02,0A,B0,00
2684,00,01,02,0B,B0,00
2686,00,01,02,0C,B0,00
2688,00,01,02,0D,B0,00
2690,00,01,02,0E,B0,00
2692,00,01,02,0F,B0,00
2694,00,01,02,10,B0,00
2695,00,01,02,10,30,00
2696,00,01,02,11,B0,00
2698,00,01,02,12,B0,00
2700,00,01,02,13,B0,00
2702,00,01,02,14,B0,00
2704,00,01,02,15,B0,00
2706,00,01,02,16,B0,00
2708,00,01,02,17,B0,00
2710,00,01,02,18,B0,00
2712,00,01,02,19,B0,00
2714,00,01,02,1A,B0,00
2716,00,01,02,1B,B0,00
2718,00,01,02,1C,B0,00
2720,00,01,02,1D,B0,00
2722,00,01,02,1E,B0,00
2724,00,01,02,1F,B0,00
2726,00,01,02,20,B0,00
2728,00,01,02,21,B0,00
2730,00,01,02,22,B0,00
2732,00,01,02,23,B0,00
2734,00,01,02,24,B0,00
2736,00,01,02,25,B0,00
2738,00,01,02,26,B0,00
2740,00,01,02,27,B0,00
2742,00,01,02,28,B0,00
2744,00,01,02,29,B0,00
2746,00,01,02,2A,B0,00
2748,00,01,02,2B,B0,00
2750,00,01,02,2C,B0,00
2752,00,01,02,2D,B0,00
2754,00,01,02,2E,B0,00
2756,00,01,02,2F,B0,00
2758,00,01,02,30,B0,00
2759,00,01,02,30,30,00
2760,00,01,02,31,B0,00
2762,00,01,02,32,B0,00
2764,00,01,02,33,B0,00
2766,00,01,02,34,B0,00
2768,00,01,02,35,B0,00
2770,00,01,02,36,B0,00
2772,00,01,02,37,B0,00
2774,00,01,02,38,B0,00
2776,00,01,02,39,B0,00
2778,00,01,02,3A,B0,00
2780,00,01,02,3B,B0,00
2782,00,01,02,3C,B0,00
2784,00,01,02,3D,B0,00
2786,00,01,02,3E,B0,00
2788,00,01,02,3F,B0,00
2790,00,01,02,40,B0,00
2792,00,01,02,41,B0,00
2794,00,01,02,42,B0,00
2796,00,01,02,43,B0,00
2798,00,01,02,44,B0,00
2800,00,01,02,45,B0,00
2802,00,01,02,46,B0,00
2804,00,01,02,47,B0,00
2806,00,01,02,48,B0,00
2808,00,01,02,49,B0,00
2810,00,01,02,4A,B0,00
2812,00,01,02,4B,B0,00
2814,00,01,02,4C,B0,00
2816,00,01,02,4D,B0,00
2818,00,01,02,4E,B0,00
2820,00,01,02,4F,B0,00
2822,00,01,02,50,B0,00
2823,00,01,02,50,30,00
2824,00,01,02,51,B0,00
2826,00,01,02,52,B0,00
2828,00,01,02,53,B0,00
2830,00,01,02,54,B0,00
2832,00,01,02,55,B0,00
2834,00,01,02,56,B0,00
2836,00,01,02,57,B0,00
2838,00,01,02,58,B0,00
2840,00,01,02,59,B0,00
2842,00,01,02,5A,B0,00
2844,00,01,02,5B,B0,00
2846,00,01,02,5C,B0,00
2848,00,01,02,5D,B0,00
2850,00,01,02,5E,B0,00
2852,00,01,02,5F,B0,00
2854,00,01,02,60,B0,00
2856,00,01,02,61,B0,00
2858,00,01,02,62,B0,00
2860,00,01,02,63,B0,00
2862,00,01,02,64,B0,00
2864,00,01,02,65,B0,00
2866,00,01,02,66,B0,00
2868,00,01,02,67,B0,00
2870,00,01,02,68,B0,00
2872,00,01,02,69,B0,00
2874,00,01,02,6A,B0,00
2876,00,01,02,6B,B0,00
2878,00,01,02,6C,B0,00
2880,00,01,02,6D,B0,00
2882,00,01,02,6E,B0,00
2884,00,01,02,6F,B0,00
2886,00,01,02,70,B0,00
2887,00,01,02,70,30,00
2888,00,01,02,71,B0,00
2890,00,01,02,72,B0,00
2892,00,01,02,73,B0,00
2894,00,01,02,74,B0,00
2896,00,01,02,75,B0,00
2898,00,01,02,76,B0,00
2900,00,01,02,77,B0,00
2902,00,01,02,78,B0,00
2904,00,01,02,79,B0,00
2906,00,01,02,7A,B0,00
2908,00,01,02,7B,B0,00
2910,00,01,02,7C,B0,00
2912,00,01,02,7D,B0,00
2914,00,01,02,7E,B0,00
2916,00,01,02,7F,B0,00
2918,00,01,02,80,B0,00
2920,00,01,02,81,B0,00
2922,00,01,02,82,B0,00
2924,00,01,02,83,B0,00
2926,00,01,02,84,B0,00
2928,00,01,02,85,B0,00
2930,00,01,02,86,B0,00
2932,00,01,02,87,B0,00
2934,00,01,02,88,B0,00
2936,00,01,02,89,B0,00
2938,00,01,02,8A,B0,00
2940,00,01,02,8B,B0,00
2942,00,01,02,8C,B0,00
2944,00,01,02,8D,B0,00
2946,00,01,02,8E,B0,00
2948,00,01,02,8F,B0,00
2950,00,01,02,90,B0,00
2951,00,01,02,90,30,00
2952,00,01,02,91,B0,00
2954,00,01,02,92,B0,00
2956,00,01,02,93,B0,00
2958,00,01,02,94,B0,00
2960,00,01,02,95,B0,00
2962,00,01,02,96,B0,00
2964,00,01,02,97,B0,00
2966,00,01,02,98,B0,00
2968,00,01,02,99,B0,00
2970,00,01,02,9A,B0,00
2972,00,01,02,9B,B0,00
2974,00,01,02,9C,B0,00
2976,00,01,02,9D,B0,00
2978,00,01,02,9E,B0,00
2980,00,01,02,9F,B0,00
2982,00,01,02,A0,B0,00
2984,00,01,02,A1,B0,00
2986,00,01,02,A2,B0,00
2988,00,01,02,A3,B0,00
2990,00,01,02,A4,B0,00
2992,00,01,02,A5,B0,00
2994,00,01,02,A6,B0,00
2996,00,01,02,A7,B0,00
2998,00,01,02,A8,B0,00
3000,00,01,02,A9,B0,00
3002,00,01,02,AA,B0,00
3004,00,01,02,AB,B0,00
3006,00,01,02,AC,B0,00
3008,00,01,02,AD,B0,00
3010,00,01,02,AE,B0,00
3012,00,01,02,AF,B0,00
3014,00,01,02,B0,B0,00
3016,00,01,02,B1,B0,00
3018,00,01,02,B2,B0,00
3020,00,01,02,B3,B0,00
3022,00,01,02,B4,B0,00
3024,00,01,02,B5,B0,00
3026,00,01,02,B6,B0,00
3028,00,01,02,B7,B0,00
3030,00,01,02,B8,B0,00
3032,00,01,02,B9,B0,00
3034,00,01,02,BA,B0,00
3036,00,01,02,BB,B0,00
3038,00,01,02,BC,B0,00
3040,00,01,02,BD,B0,00
3042,00,01,02,BE,B0,00
3044,00,01,02,BF,B0,00
3046,00,01,02,C0,B0,00
3048,00,01,02,C1,B0,00
3050,00,01,02,C2,B0,00
3052,00,01,02,C3,B0,00
3054,00,01,02,C4,B0,00
3056,00,01,02,C5,B0,00
3058,00,01,02,C6,B0,00
3060,00,01,02,C7,B0,00
3062,00,01,02,C8,B0,00
3064,00,01,02,C9,B0,00
3066,00,01,02,CA,B0,00
3068,00,01,02,CB,B0,00
3070,00,01,02,CC,B0,00
3072,00,01,02,CD,B0,00
3074,00,01,02,CE,B0,00
3076,00,01,02,CF,B0,00
3078,00,01,02,D0,B0,00
3079,00,01,02,D0,30,00
3080,00,01,02,D1,B0,00
3082,00,01,02,D2,B0,00
3084,00,01,02,D3,B0,00
3086,00,01,02,D4,B0,00
3088,00,01,02,D5,B0,00
3090,00,01,02,D6,B0,00
3092,00,01,02,D7,B0,00
3094,00,01,02,D8,B0,00
3096,00,01,02,D9,B0,00
3098,00,01,02,DA,B0,00
3100,00,01,02,DB,B0,00
3102,00,01,02,DC,B0,00
3104,00,01,02,DD,B0,00
3106,00,01,02,DE,B0,00
3108,00,01,02,DF,B0,00
3110,00,01,02,E0,B0,00
3112,00,01,02,E1,B0,00
3114,00,01,02,E2,B0,00
3116,00,01,02,E3,B0,00
3118,00,01,02,E4,B0,00
3120,00,01,02,E5,B0,00
3122,00,01,02,E6,B0,00
3124,00,01,02,E7,B0,00
3126,00,01,02,E8,B0,00
3128,00,01,02,E9,B0,00
3130,00,01,02,EA,B0,00
3132,00,01,02,EB,B0,00
3134,00,01,02,EC,B0,00
3136,00,01,02,ED,B0,00
3138,00,01,02,EE,B0,00
3140,00,01,02,EF,B0,00
3142,00,01,02,00,B0,01
3143,00,01,02,00,32,00
3144,00,01,02,01,B2,00
3146,00,01,02,02,B2,00
3148,00,01,02,03,B2,00
3150,00,01,02,04,B2,00
3152,00,01,02,05,B2,00
3154,00,01,02,06,B2,00
3156,00,01,02,07,B2,00
3158,00,01,02,08,B2,00
3159,00,01,02,08,32,00
3160,00,01,02,09,B2,00
3162,00,01,02,0A,B2,00
3164,00,01,02,0B,B2,00
3166,00,01,02,0C,B2,00
3168,00,01,02,0D,B2,00
3170,00,01,02,0E,B2,00
3172,00,01,02,0F,B2,00
3174,00,01,02,10,B2,00
3176,00,01,02,11,B2,00
3178,00,01,02,12,B2,00
3180,00,01,02,13,B2,00
3182,00,01,02,14,B2,00
3184,00,01,02,15,B2,00
3186,00,01,02,16,B2,00
3188,00,01,02,17,B2,00
3190,00,01,02,18,B2,00
3192,00,01,02,19,B2,00
3194,00,01,02,1A,B2,00
3196,00,01,02,1B,B2,00
3198,00,01,02,1C,B2,00
3200,00,01,02,1D,B2,00
3202,00,01,02,1E,B2,00
3204,00,01,02,1F,B2,00
3206,00,01,02,20,B2,00
3208,00,01,02,21,B2,00
3210,00,01,02,22,B2,00
3212,00,01,02,23,B2,00
3214,00,01,02,24,B2,00
3216,00,01,02,25,B2,00
3218,00,01,02,26,B2,00
3220,00,01,02,27,B2,00
3222,00,01,02,28,B2,00
3224,00,01,02,29,B2,00
3226,00,01,02,2A,B2,00
3228,00,01,02,2B,B2,00
3230,00,01,02,2C,B2,00
3232,00,01,02,2D,B2,00
3234,00,01,02,2E,B2,00
3236,00,01,02,2F,B2,00
3238,00,01,02,30,B2,00
3239,00,01,02,30,32,00
3240,00,01,02,31,B2,00
3242,00,01,02,32,B2,00
3244,00,01,02,33,B2,00
3246,00,01,02,34,B2,00
3248,00,01,02,35,B2,00
3250,00,01,02,36,B2,00
3252,00,01,02,37,B2,00
3254,00,01,02,38,B2,00
3256,00,01,02,39,B2,00
3258,00,01,02,3A,B2,00
3260,00,01,02,3B,B2,00
3262,00,01,02,3C,B2,00
3264,00,01,02,3D,B2,00
3266,00,01,02,3E,B2,00
3268,00,01,02,3F,B2,00
3270,00,01,02,40,B2,00
3271,00,01,02,40,32,00
3272,00,01,02,41,B2,00
3274,00,01,02,42,B2,00
3276,00,01,02,43,B2,00
3278,00,01,02,44,B2,00
3280,00,01,02,45,B2,00
3282,00,01,02,46,B2,00
3284,00,01,02,47,B2,00
3286,00,01,02,48,B2,00
3288,00,01,02,49,B2,00
3290,00,01,02,4A,B2,00
3292,00,01,02,4B,B2,00
3294,00,01,02,4C,B2,00
3296,00,01,02,4D,B2,00
3298,00,01,02,4E,B2,00
3300,00,01,02,4F,B2,00
3302,00,01,02,50,B2,00
3304,00,01,02,51,B2,00
3306,00,01,02,52,B2,00
3308,00,01,02,53,B2,00
3310,00,01,02,54,B2,00
3312,00,01,02,55,B2,00
3314,00,01,02,56,B2,00
3316,00,01,02,57,B2,00
3318,00,01,02,58,B2,00
3320,00,01,02,59,B2,00
3322,00,01,02,5A,B2,00
3324,00,01,02,5B,B2,00
3326,00,01,02,5C,B2,00
3328,00,01,02,5D,B2,00
3330,00,01,02,5E,B2,00
3332,00,01,02,5F,B2,00
3334,00,01,02,60,B2,00
3336,00,01,02,61,B2,00
3338,00,01,02,62,B2,00
3340,00,01,02,63,B2,00
3342,00,01,02,64,B2,00
3344,00,01,02,65,B2,00
3346,00,01,02,66,B2,00
3348,00,01,02,67,B2,00
3350,00,01,02,68,B2,00
3352,00,01,02,69,B2,00
3354,00,01,02,6A,B2,00
3356,00,01,02,6B,B2,00
3358,00,01,02,6C,B2,00
3360,00,01,02,6D,B2,00
3362,00,01,02,6E,B2,00
3364,00,01,02,6F,B2,00
3366,00,01,02,70,B2,00
3367,00,01,02,70,32,00
3368,00,01,02,71,B2,00
3370,00,01,02,72,B2,00
3372,00,01,02,73,B2,00
3374,00,01,02,74,B2,00
3376,00,01,02,75,B2,00
3378,00,01,02,76,B2,00
3380,00,01,02,77,B2,00
3382,00,01,02,78,B2,00
3384,00,01,02,79,B2,00
3386,00,01,02,7A,B2,00
3388,00,01,02,7B,B2,00
3390,00,01,02,7C,B2,00
3392,00,01,02,7D,B2,00
3394,00,01,02,7E,B2,00
3396,00,01,02,7F,B2,00
3398,00,01,02,80,B2,00
3399,00,01,02,80,32,00
3400,00,01,02,81,B2,00
3402,00,01,02,82,B2,00
3404,00,01,02,83,B2,00
3406,00,01,02,84,B2,00
3408,00,01,02,85,B2,00
3410,00,01,02,86,B2,00
3412,00,01,02,87,B2,00
3414,00,01,02,88,B2,00
3416,00,01,02,89,B2,00
3418,00,01,02,8A,B2,00
3420,00,01,02,8B,B2,00
3422,00,01,02,8C,B2,00
3424,00,01,02,8D,B2,00
3426,00,01,02,8E,B2,00
3428,00,01,02,8F,B2,00
3430,00,01,02,90,B2,00
3432,00,01,02,91,B2,00
3434,00,01,02,92,B2,00
3436,00,01,02,93,B2,00
3438,00,01,02,94,B2,00
3440,00,01,02,95,B2,00
3442,00,01,02,96,B2,00
3444,00,01,02,97,B2,00
3446,00,01,02,98,B2,00
3448,00,01,02,99,B2,00
3450,00,01,02,9A,B2,00
3452,00,01,02,9B,B2,00
3454,00,01,02,9C,B2,00
3456,00,01,02,9D,B2,00
3458,00,01,02,9E,B2,00
3460,00,01,02,9F,B2,00
3462,00,01,02,A0,B2,00
3464,00,01,02,A1,B2,00
3466,00,01,02,A2,B2,00
3468,00,01,02,A3,B2,00
3470,00,01,02,A4,B2,00
3472,00,01,02,A5,B2,00
3474,00,01,02,A6,B2,00
3476,00,01,02,A7,B2,00
3478,00,01,02,A8,B2,00
3480,00,01,02,A9,B2,00
3482,00,01,02,AA,B2,00
3484,00,01,02,AB,B2,00
3486,00,01,02,AC,B2,00
3488,00,01,02,AD,B2,00
3490,00,01,02,AE,B2,00
3492,00,01,02,AF,B2,00
3494,00,01,02,B0,B2,00
3495,00,01,02,B0,32,00
3496,00,01,02,B1,B2,00
3498,00,01,02,B2,B2,00
3500,00,01,02,B3,B2,00
