frame=1430
row00: 6124 6124 6124 6124 6124 6124 6124 6124 0124 0124 0124 0124 0124 0124 0124 0124 0124 0124 0124 0124 0124 0124 0124 0124 6124 6124 6124 6124 6124 6124 6124 6124
row01: 6124 6124 6124 6124 6124 6124 6124 6124 0124 0124 0124 0124 0124 0124 0124 0124 0124 0124 0124 0124 0124 0124 0124 0124 6124 6124 6124 6124 6124 6124 6124 6124
row02: 6124 6124 6124 6124 6124 6124 6124 6124 0124 0124 0124 0124 0124 0124 0124 0124 0124 0124 0124 0124 0124 0124 0124 0124 6124 6124 6124 6124 6124 6124 6124 6124
row03: 6124 6124 6124 6124 6124 6124 6124 6124 0124 0124 0124 0124 0124 0124 0124 0124 0124 0124 0124 0124 0124 0124 0124 0124 6124 6124 6124 6124 6124 6124 6124 6124
row04: 6124 6124 61E6 61E4 61E5 6124 411D 4111 410E 4124 4115 410E 4110 410E 4117 410D 4124 4118 410F 4124 4123 410E 4115 410D 410A 4124 61E5 61E4 61E5 61E6 6124 6124
row05: 6124 6124 61E2 6124 6124 6124 4124 4124 4124 4124 4124 4124 4124 4124 4124 4124 4124 4124 4124 4124 4124 4124 4124 4124 4124 4124 6124 6124 6124 61E3 6124 6124
row06: 6124 6124 61E3 6124 0124 0124 0124 0124 0124 0124 0124 0124 0124 0124 0124 0124 0124 0124 0124 0124 0124 0124 0124 0124 0124 0124 0124 0124 6124 61E2 6124 6124
row07: 6124 6124 61E2 6124 0116 010A 0117 0122 0124 0124 0122 010E 010A 011B 011C 0124 0124 010A 0110 0118 0124 0124 0119 011B 0112 0117 010C 010E 6124 61E3 6124 6124
row08: 6124 6124 61E3 6124 0124 0124 0124 0124 0124 0124 0124 0124 4124 41F8 4124 4124 4124 4124 4124 4124 4124 41F8 0124 0124 0124 0124 0124 0124 6124 61E2 6124 6124
row09: 6124 6124 61E2 6124 010D 010A 011B 0114 0117 010E 011C 011C 4124 4124 4124 4110 410A 4117 4117 4118 4117 4124 0124 011C 011D 0118 0115 010E 6124 61E3 6124 6124
row10: 6124 6124 61E3 6124 0124 0124 0124 0124 0124 0124 0124 0124 0124 0124 2124 2124 2124 2124 2124 2124 2124 2124 2124 2124 0124 0124 0124 0124 6124 61E2 6124 6124
row11: 6124 6124 61E2 6124 0118 0117 010E 0124 0118 010F 0124 011D 0111 010E 2124 211D 211B 2112 210F 2118 211B 210C 210E 2124 0120 0112 011D 0111 6124 61E3 6124 6124
row12: 6124 6124 61E3 6124 0124 0124 0124 0124 0124 0124 0124 0124 0124 0124 0124 0124 0124 0124 0124 0124 0124 0124 4124 4124 4124 4124 4124 4124 6124 61E2 6124 6124
row13: 6124 6124 61E2 6124 0119 0118 0120 010E 011B 0163 0124 0124 0124 0124 0119 011B 0112 0117 010C 010E 011C 011C 4124 4123 410E 4115 410D 410A 6124 61E3 6124 6124
row14: 6124 6124 61E3 6124 0124 0124 0124 0124 0124 0124 0124 0124 0124 0124 0124 0124 0124 0124 0124 0124 2124 2124 2124 2124 2124 2124 2124 2124 6124 61E2 6124 6124
row15: 6124 6124 61E2 6124 0111 010A 010D 0124 0124 0118 0117 010E 0124 0118 010F 0124 011D 0111 010E 0124 211D 211B 2112 210F 2118 211B 210C 210E 6124 61E3 6124 6124
row16: 6124 6124 61E3 6124 0124 0124 0124 0124 0124 0124 0124 0124 0124 0124 0124 0124 0124 0124 0124 0124 0124 0124 0124 0124 0124 0124 0124 0124 6124 61E2 6124 6124
row17: 6124 6124 61E2 6124 0120 0112 011D 0111 0124 0120 0112 011C 010D 0118 0116 0163 0124 011C 0111 010E 0124 010D 0112 011F 0112 010D 010E 010D 6124 61E2 6124 6124
row18: 6124 6124 61E3 6124 0124 0124 0124 0124 0124 0124 0124 01F8 2124 2124 01F8 0124 0124 0124 0124 0124 0124 0124 0124 0124 0124 0124 0124 0124 6124 61E3 6124 6124
row19: 6124 6124 61E2 6124 0112 011D 0124 0112 0117 011D 0118 0124 2124 2108 0124 011E 0117 0112 011D 011C 0124 011D 0118 0124 0111 0112 010D 010E 6124 61E3 6124 6124
row20: 6124 6124 61E3 6124 0124 0124 0124 0124 0124 0124 0124 0124 41F8 4124 4124 4124 4124 4124 4124 4124 41F8 4124 0124 0124 0124 0124 0124 0124 6124 61E2 6124 6124
row21: 6124 6124 61E2 6124 0112 011D 0124 010F 011B 0118 0116 0124 4124 4124 4110 410A 4117 4117 4118 4117 4124 4124 010B 010E 010F 0118 011B 010E 6124 61E3 6124 6124
row22: 6124 6124 61E3 6124 0124 0124 0124 0124 0124 0124 0124 0124 0124 0124 0124 0124 0124 0124 0124 0124 0124 0124 0124 0124 0124 0124 0124 0124 6124 61E2 6124 6124
row23: 6124 6124 61E2 6124 011C 0111 010E 0124 0120 010A 011C 0124 010C 010A 0119 011D 011E 011B 010E 010D 0163 0124 0124 0124 0124 0124 0124 0124 6124 61E3 6124 6124
row24: 6124 6124 61E3 6124 4124 4124 4124 4124 4124 4124 4124 4124 4124 4124 4124 4124 4124 41F8 4124 4124 41F8 4124 4124 4124 4124 4124 4124 4124 6124 61E2 6124 6124
row25: 6124 6124 61E2 6124 4124 4124 4110 4118 4124 410F 4112 4117 410D 4124 411D 4111 410E 4124 4124 4108 4124 411E 4117 4112 411D 411C 4124 4124 6124 61E3 6124 6124
row26: 6124 6124 61E3 6124 6124 6124 61F8 6124 6124 6124 6124 6124 61F8 6124 4124 4124 4124 4124 4124 4124 4124 4124 4124 4124 4124 4124 4124 4124 6124 61E2 6124 6124
row27: 6124 6124 61E2 6124 6124 6124 6124 6124 6115 6112 6117 6114 6124 6124 411D 4118 4124 411C 410A 411F 410E 4124 4111 410E 411B 4163 4124 4124 6124 61E3 6124 6124
row28: 6124 6124 61E3 6124 6124 6124 6124 6124 6124 6124 6124 6124 6124 6124 6124 6124 6124 6124 6124 6124 6124 6124 6124 6124 6124 6124 6124 6124 6124 61E2 6124 6124
row29: 6124 6124 61E6 61E4 61E5 61E4 61E5 61E4 61E5 61E4 61E5 61E4 61E5 61E4 61E5 61E4 61E5 61E4 61E5 61E4 61E5 61E4 61E5 61E4 61E5 61E4 61E5 61E4 61E5 61E6 6124 6124
row30: 6124 6124 6124 6124 6124 6124 6124 6124 6124 6124 6124 6124 6124 6124 6124 6124 6124 6124 6124 6124 6124 6124 6124 6124 6124 6124 6124 6124 6124 6124 6124 6124
row31: 6124 6124 6124 6124 6124 6124 6124 6124 6124 6124 6124 6124 6124 6124 6124 6124 6124 6124 6124 6124 6124 6124 6124 6124 6124 6124 6124 6124 6124 6124 6124 6124
row32: 0124 0124 0124 0124 0124 0124 0124 0124 0124 0124 0124 0124 0124 0124 0124 0124 0124 0124 0124 0124 0124 0124 0124 0124 0124 0124 0124 0124 0124 0124 0124 0124
row33: 0124 0124 0124 0124 0124 0124 0124 0124 0124 0124 0124 0124 0124 0124 0124 0124 0124 0124 0124 0124 0124 0124 0124 0124 0124 0124 0124 0124 0124 0124 0124 0124
row34: 0124 0124 0124 0124 0124 0124 0124 0124 0124 0124 0124 0124 0124 0124 0124 0124 0124 0124 0124 0124 0124 0124 0124 0124 0124 0124 0124 0124 0124 0124 0124 0124
row35: 0124 0124 0124 0124 0124 0124 0124 0124 0124 0124 0124 0124 0124 0124 0124 0124 0124 0124 0124 0124 0124 0124 0124 0124 0124 0124 0124 0124 0124 0124 0124 0124
row36: 0124 0124 0124 0124 0124 0124 0124 0124 0124 0124 0124 0124 0124 0124 0124 0124 0124 0124 0124 0124 0124 0124 0124 0124 0124 0124 0124 0124 0124 0124 0124 0124
row37: 0124 0124 0124 0124 0124 0124 0124 0124 0124 0124 0124 0124 0124 0124 0124 0124 0124 0124 0124 0124 0124 0124 0124 0124 0124 0124 0124 0124 0124 0124 0124 0124
row38: 6124 6124 6124 6124 6124 6124 6124 6124 0124 0124 0124 0124 0124 0124 0124 0124 0124 0124 0124 0124 0124 0124 0124 0124 6124 6124 6124 6124 6124 6124 6124 6124
row39: 6124 6124 6124 6124 6124 6124 6124 6124 0124 0124 0124 0124 0124 0124 0124 0124 0124 0124 0124 0124 0124 0124 0124 0124 6124 6124 6124 6124 6124 6124 6124 6124
row40: 6124 6124 6124 6124 6124 6124 6124 6124 0124 0124 0124 0124 0124 0124 0124 0124 0124 0124 0124 0124 0124 0124 0124 0124 6124 6124 6124 6124 6124 6124 6124 6124
row41: 6124 6124 6124 6124 6124 6124 6124 6124 0124 0124 0124 0124 0124 0124 0124 0124 0124 0124 0124 0124 0124 0124 0124 0124 6124 6124 6124 6124 6124 6124 6124 6124
row42: 0124 0124 0124 0124 0124 0124 0124 0124 0124 0124 0124 0124 0124 0124 0124 0124 0124 0124 0124 0124 0124 0124 0124 0124 0124 0124 0124 0124 0124 0124 0124 0124
row43: 0124 0124 0124 0124 0124 0124 0124 0124 0124 0124 0124 0124 0124 0124 0124 0124 0124 0124 0124 0124 0124 0124 0124 0124 0124 0124 0124 0124 0124 0124 0124 0124
row44: 0124 0124 0124 0124 0124 0124 0124 0124 0124 0124 0124 0124 0124 0124 0124 0124 0124 0124 0124 0124 0124 0124 0124 0124 0124 0124 0124 0124 0124 0124 0124 0124
row45: 0124 0124 0124 0124 0124 0124 0124 0124 0124 0124 0124 0124 0124 0124 0124 0124 0124 0124 0124 0124 0124 0124 0124 0124 0124 0124 0124 0124 0124 0124 0124 0124
row46: 0124 0124 0124 0124 0124 0124 0124 0124 0124 0124 0124 0124 0124 0124 0124 0124 0124 0124 0124 0124 0124 0124 0124 0124 0124 0124 0124 0124 0124 0124 0124 0124
row47: 0124 0124 0124 0124 0124 0124 0124 0124 0124 0124 0124 0124 0124 0124 0124 0124 0124 0124 0124 0124 0124 0124 0124 0124 0124 0124 0124 0124 0124 0124 0124 0124
row48: 0124 0124 0124 0124 0124 0124 0124 0124 0124 0124 0124 0124 0124 0124 0124 0124 0124 0124 0124 0124 0124 0124 0124 0124 0124 0124 0124 0124 0124 0124 0124 0124
row49: 0124 0124 0124 0124 0124 0124 0124 0124 0124 0124 0124 0124 0124 0124 0124 0124 0124 0124 0124 0124 0124 0124 0124 0124 0124 0124 0124 0124 0124 0124 0124 0124
row50: 0124 0124 0124 0124 0124 0124 0124 0124 0124 0124 0124 0124 0124 0124 0124 0124 0124 0124 0124 0124 0124 0124 0124 0124 0124 0124 0124 0124 0124 0124 0124 0124
row51: 0124 0124 0124 0124 0124 0124 0124 0124 0124 0124 0124 0124 0124 0124 0124 0124 0124 0124 0124 0124 0124 0124 0124 0124 0124 0124 0124 0124 0124 0124 0124 0124
row52: 0124 0124 0124 0124 0124 0124 0124 0124 0124 0124 0124 0124 0124 0124 0124 0124 0124 0124 0124 0124 0124 0124 0124 0124 0124 0124 0124 0124 0124 0124 0124 0124
row53: 0124 0124 0124 0124 0124 0124 0124 0124 0124 0124 0124 0124 0124 0124 0124 0124 0124 0124 0124 0124 0124 0124 0124 0124 0124 0124 0124 0124 0124 0124 0124 0124
row54: 0124 0124 0124 0124 0124 0124 0124 0124 0124 0124 0124 0124 0124 0124 0124 0124 0124 0124 0124 0124 0124 0124 0124 0124 0124 0124 0124 0124 0124 0124 0124 0124
row55: 0124 0124 0124 0124 0124 0124 0124 0124 0124 0124 0124 0124 0124 0124 0124 0124 0124 0124 0124 0124 0124 0124 0124 0124 0124 0124 0124 0124 0124 0124 0124 0124
row56: 0124 0124 0124 0124 0124 0124 0124 0124 0124 0124 0124 0124 0124 0124 0124 0124 0124 0124 0124 0124 0124 0124 0124 0124 0124 0124 0124 0124 0124 0124 0124 0124
row57: 0124 0124 0124 0124 0124 0124 0124 0124 0124 0124 0124 0124 0124 0124 0124 0124 0124 0124 0124 0124 0124 0124 0124 0124 0124 0124 0124 0124 0124 0124 0124 0124
row58: 0124 0124 0124 0124 0124 0124 0124 0124 0124 0124 0124 0124 0124 0124 0124 0124 0124 0124 0124 0124 0124 0124 0124 0124 0124 0124 0124 0124 0124 0124 0124 0124
row59: 0124 0124 0124 0124 0124 0124 0124 0124 0124 0124 0124 0124 0124 0124 0124 0124 0124 0124 0124 0124 0124 0124 0124 0124 0124 0124 0124 0124 0124 0124 0124 0124
row60: 0124 0124 0124 0124 0124 0124 0124 0124 0124 0124 0124 0124 0124 0124 0124 0124 0124 0124 0124 0124 0124 0124 0124 0124 0124 0124 0124 0124 0124 0124 0124 0124
row61: 0124 0124 0124 0124 0124 0124 0124 0124 0124 0124 0124 0124 0124 0124 0124 0124 0124 0124 0124 0124 0124 0124 0124 0124 0124 0124 0124 0124 0124 0124 0124 0124
row62: 0124 0124 0124 0124 0124 0124 0124 0124 0124 0124 0124 0124 0124 0124 0124 0124 0124 0124 0124 0124 0124 0124 0124 0124 0124 0124 0124 0124 0124 0124 0124 0124
row63: 0124 0124 0124 0124 0124 0124 0124 0124 0124 0124 0124 0124 0124 0124 0124 0124 0124 0124 0124 0124 0124 0124 0124 0124 0124 0124 0124 0124 0124 0124 0124 0124
VSRAM: 0000 0000 0000 0000 0000 0000 0000 0000 0000 0000 0000 0000 0000 0000 0000 0000 0000 0000 0000 0000
PPU_SHADOW: 00 00 00 00 B2 1E 00 E7 00 00 00 00 00 00 00 00 00 00 0F 00 00 02 00 00 01 FF 00 00 00 00 00 00 00
NES[58]=00 [E2]=00 [E3]=00 [FC]=E8 [FD]=00 [FF]=B2 [5C]=00 [12]=00
HINT_Q_COUNT=00 Q0_CTR=00 Q0_V=01FF Q1_CTR=00 Q1_V=0000
