label=gen log_range=2295..2320
format: frame curV sub phase | row55_tile_lo_bytes (32)
f=02295 curV=38 sub=02 ph=01 | 24 24 24 24 24 24 24 0F 0A 12 1B 22 24 24 24 24 24 24 24 24 0C 15 18 0C 14 24 24 24 24 24 24 24
f=02296 curV=39 sub=02 ph=01 | 24 24 24 24 24 24 24 0F 0A 12 1B 22 24 24 24 24 24 24 24 24 0C 15 18 0C 14 24 24 24 24 24 24 24
f=02297 curV=39 sub=02 ph=01 | 24 24 24 24 24 24 24 0F 0A 12 1B 22 24 24 24 24 24 24 24 24 0C 15 18 0C 14 24 24 24 24 24 24 24
f=02298 curV=3A sub=02 ph=01 | 24 24 24 24 24 24 24 0F 0A 12 1B 22 24 24 24 24 24 24 24 24 0C 15 18 0C 14 24 24 24 24 24 24 24
f=02299 curV=3A sub=02 ph=01 | 24 24 24 24 24 24 24 0F 0A 12 1B 22 24 24 24 24 24 24 24 24 0C 15 18 0C 14 24 24 24 24 24 24 24
f=02300 curV=3B sub=02 ph=01 | 24 24 24 24 24 24 24 0F 0A 12 1B 22 24 24 24 24 24 24 24 24 0C 15 18 0C 14 24 24 24 24 24 24 24
f=02301 curV=3B sub=02 ph=01 | 24 24 24 24 24 24 24 0F 0A 12 1B 22 24 24 24 24 24 24 24 24 0C 15 18 0C 14 24 24 24 24 24 24 24
f=02302 curV=3C sub=02 ph=01 | 24 24 24 24 24 24 24 0F 0A 12 1B 22 24 24 24 24 24 24 24 24 0C 15 18 0C 14 24 24 24 24 24 24 24
f=02303 curV=3C sub=02 ph=01 | 24 24 24 24 24 24 24 0F 0A 12 1B 22 24 24 24 24 24 24 24 24 0C 15 18 0C 14 24 24 24 24 24 24 24
f=02304 curV=3D sub=02 ph=01 | 24 24 24 24 24 24 24 0F 0A 12 1B 22 24 24 24 24 24 24 24 24 0C 15 18 0C 14 24 24 24 24 24 24 24
f=02305 curV=3D sub=02 ph=01 | 24 24 24 24 24 24 24 0F 0A 12 1B 22 24 24 24 24 24 24 24 24 0C 15 18 0C 14 24 24 24 24 24 24 24
f=02306 curV=3E sub=02 ph=01 | 24 24 24 24 24 24 24 0F 0A 12 1B 22 24 24 24 24 24 24 24 24 0C 15 18 0C 14 24 24 24 24 24 24 24
f=02307 curV=3E sub=02 ph=01 | 24 24 24 24 24 24 24 0F 0A 12 1B 22 24 24 24 24 24 24 24 24 0C 15 18 0C 14 24 24 24 24 24 24 24
f=02308 curV=3F sub=02 ph=01 | 24 24 24 24 24 24 24 0F 0A 12 1B 22 24 24 24 24 24 24 24 24 0C 15 18 0C 14 24 24 24 24 24 24 24
f=02309 curV=3F sub=02 ph=01 | 24 24 24 24 24 24 24 0F 0A 12 1B 22 24 24 24 24 24 24 24 24 0C 15 18 0C 14 24 24 24 24 24 24 24
f=02310 curV=40 sub=02 ph=01 | 24 24 24 24 24 24 24 0F 0A 12 1B 22 24 24 24 24 24 24 24 24 0C 15 18 0C 14 24 24 24 24 24 24 24
f=02311 curV=40 sub=02 ph=01 | 24 24 24 24 24 24 24 0F 0A 12 1B 22 24 24 24 24 24 24 24 24 0C 15 18 0C 14 24 24 24 24 24 24 24
f=02312 curV=41 sub=02 ph=01 | 24 24 24 24 24 24 24 0F 0A 12 1B 22 24 24 24 24 24 24 24 24 0C 15 18 0C 14 24 24 24 24 24 24 24
f=02313 curV=41 sub=02 ph=01 | 24 24 24 24 24 24 24 0F 0A 12 1B 22 24 24 24 24 24 24 24 24 0C 15 18 0C 14 24 24 24 24 24 24 24
f=02314 curV=42 sub=02 ph=01 | 24 24 24 24 24 24 24 0F 0A 12 1B 22 24 24 24 24 24 24 24 24 0C 15 18 0C 14 24 24 24 24 24 24 24
f=02315 curV=42 sub=02 ph=01 | 24 24 24 24 24 24 24 0F 0A 12 1B 22 24 24 24 24 24 24 24 24 0C 15 18 0C 14 24 24 24 24 24 24 24
f=02316 curV=43 sub=02 ph=01 | 24 24 24 24 24 24 24 0F 0A 12 1B 22 24 24 24 24 24 24 24 24 0C 15 18 0C 14 24 24 24 24 24 24 24
f=02317 curV=43 sub=02 ph=01 | 24 24 24 24 24 24 24 0F 0A 12 1B 22 24 24 24 24 24 24 24 24 0C 15 18 0C 14 24 24 24 24 24 24 24
f=02318 curV=44 sub=02 ph=01 | 24 24 24 24 24 24 24 0F 0A 12 1B 22 24 24 24 24 24 24 24 24 0C 15 18 0C 14 24 24 24 24 24 24 24
f=02319 curV=44 sub=02 ph=01 | 24 24 24 24 24 24 24 0F 0A 12 1B 22 24 24 24 24 24 24 24 24 0C 15 18 0C 14 24 24 24 24 24 24 24
f=02320 curV=45 sub=02 ph=01 | 24 24 24 24 24 24 24 0F 0A 12 1B 22 24 24 24 24 24 24 24 24 0C 15 18 0C 14 24 24 24 24 24 24 24
